input,basicOps,recursionCount,time
0,0.0,82.0,1.0990100000000005
1,3.0,82.0,2.8622789999999996
2,8.0,82.0,6.220386000000002
3,15.0,82.0,10.579589999999989
4,17.0,82.0,11.711257000000009
5,21.0,82.0,14.452601000000008
6,27.0,82.0,18.414439999999995
7,36.0,82.0,22.6054
8,44.0,82.0,24.537054999999988
9,54.0,82.0,41.48290800000005
10,56.0,82.0,30.932628999999995
11,60.0,82.0,37.69913966666664
12,78.0,85.0,46.51868299999995
13,88.0,85.0,52.397234000000005
14,91.0,85.0,54.818365000000014
15,96.0,85.0,58.744475
16,103.0,85.0,62.53715599999999
17,112.0,85.0,70.13233300000009
18,120.0,85.0,78.64255800000005
19,130.0,85.0,84.09652800000002
20,133.0,85.0,93.31485299999999
21,138.0,85.0,91.27379699999999
22,145.0,85.0,94.83515900000006
23,147.0,85.0,99.65852199999996
24,151.0,85.0,97.60309100000005
25,157.0,85.0,103.1175670000002
26,163.0,85.0,120.78048299999995
27,170.0,85.0,113.00132499999984
28,174.0,85.0,112.23554099999996
29,179.0,85.0,109.99363500000007
30,181.0,85.0,116.72833300000009
31,184.0,85.0,118.83754700000004
32,192.0,85.0,120.04949200000003
33,212.0,86.0,140.46114200000028
34,221.0,86.0,133.9802769999999
35,223.0,86.0,127.89206049999991
36,241.0,88.0,148.9565965000002
37,250.0,88.0,151.98886899999977
38,256.0,88.0,148.3498320000002
39,263.0,88.0,160.84301799999997
40,267.0,88.0,153.01931200000013
41,277.0,88.0,160.3416889999999
42,286.0,88.0,191.24301699999984
43,292.0,88.0,170.15438600000002
44,299.0,88.0,181.09766799999989
45,303.0,88.0,194.85345800000005
46,308.0,88.0,234.8680919999995
47,310.0,88.0,200.667247
48,313.0,88.0,184.68397000000041
49,320.0,88.0,180.89011000000016
50,326.0,88.0,180.7747909999997
51,331.0,88.0,183.99407599999986
52,335.0,88.0,211.12816999999998
53,338.0,88.0,189.128236
54,340.0,88.0,190.35766899999993
55,350.0,88.0,281.4487029999998
56,359.0,88.0,198.991802
57,367.0,88.0,217.32620899999972
58,371.0,88.0,236.1721789999998
59,374.0,88.0,207.6447509999998
60,376.0,88.0,206.54512074999977
61,383.0,88.0,203.72936300000003
62,389.0,88.0,207.370157
63,394.0,88.0,209.02923299999998
64,404.0,88.0,252.89713699999962
65,413.0,88.0,227.10637300000002
66,421.0,88.0,227.47285300000001
67,428.0,88.0,255.71245999999962
68,434.0,88.0,274.1427609999997
69,439.0,88.0,235.78872200000012
70,443.0,88.0,274.75129599999974
71,446.0,88.0,261.0507600000001
