input,basicOps,recursionCount,time
0,0.0,82.0,0.0015320499999999999
1,6.25,82.0,0.003950899999999999
2,12.4,82.0,0.0067991
3,18.4,82.0,0.008700949999999999
4,24.9,82.0,0.01112515
5,30.35,82.0,0.013751450000000004
6,36.2,82.0,0.01570865
7,40.85,82.0,0.0181604
8,46.45,82.0,0.02083835
9,54.05,82.4,0.023962749999999998
10,61.55,82.45,0.0418705
11,68.7,82.75,0.036733350000000005
12,75.75,83.1,0.0318014
13,82.1,83.35,0.036008599999999995
14,87.75,83.45,0.039993999999999995
15,94.75,83.65,0.04073780000000001
16,102.5,83.75,0.04919255
17,110.2,84.05,0.04806925
18,118.8,84.75,0.08251230000000001
19,127.35,85.25,0.0562043
20,136.7,85.9,0.060451149999999995
21,144.9,86.2,0.06296735
22,158.2,89.35,0.06827045000000001
23,167.2,89.5,0.07350925
24,177.2,89.9,0.08205314999999999
25,204.5,94.5,0.08921069999999999
26,217.75,96.4,0.10687440000000001
27,231.2,97.6,0.10786375
28,281.6,107.1,0.12386079999999997
29,298.8,108.8,0.16912585
30,376.05,121.1,0.14984760000000003
31,403.0,124.95,0.17904950000000003
32,506.1,144.35,0.20577635
33,556.5,150.75,0.25279825
34,632.25,163.2,0.3316213999999999
35,625.7,156.5,0.35342495
36,684.55,162.3,0.2553602
37,770.85,173.65,0.6842948499999999
38,1059.1,222.1,0.5932274999999999
39,1459.5,294.85,0.6085872000000001
40,2370.6,444.15,0.9901504999999998
41,2641.75,489.85,1.0515946
42,2631.6,486.75,1.0065853999999999
43,3683.55,654.0,1.74159735
44,5812.15,919.9,2.26196645
45,6445.0,1021.2,2.4687126000000004
46,8772.8,1372.45,3.3352990499999997
47,13446.1,2079.4,6.152137949999999
48,14819.4,2342.25,5.918831
49,21224.5,3310.9,9.234746999999999
50,26604.65,4125.0,12.13030255
51,43971.5,6574.5,18.427997750000003
52,83301.35,11945.5,34.765581299999994
53,139689.5,19988.4,60.21730845
54,239525.25,35151.15,107.61351340000002
55,761185.0,115806.95,342.75850249999996
56,2851183.55,435932.95,1281.82552115
57,5817005.9,809916.8,2701.4963496
58,2.85610378E7,3845230.35,15193.257318700003
59,6.66619224E7,8949148.8,34680.43342865001
60,16959.6,2083.35,11.574403100000001
61,118467.15,17056.15,59.41534580000003
62,9266698.05,1111548.3,4170.385955250001
63,3.385939795E7,3877096.45,17278.799540349995
64,564319.7,88076.4,267.2359589499999
