input,basicOps,recursionCount,time
0,0.0,257.0,0.006566700000000002
1,7.5,257.0,0.01058785
2,15.75,257.0,0.01686315
3,25.7,257.0,0.022079300000000003
4,36.1,257.0,0.0305399
5,44.9,257.0,0.03913365
6,55.4,257.0,0.041663399999999996
7,66.25,257.0,0.04689095
8,76.4,257.0,0.0554899
9,86.4,257.05,0.10323320000000002
10,95.95,257.05,0.1419206
11,105.95,257.05,0.07911759999999998
12,114.45,257.05,0.08473185
13,124.1,257.05,0.1575513
14,133.05,257.05,0.09844059999999999
15,141.1,257.05,0.11147585000000002
16,151.7,257.2,0.11120785
17,162.5,257.35,0.11721790000000001
18,173.1,258.0,0.12190695000000003
19,184.7,258.35,0.12824435000000003
20,194.85,258.35,0.13180505
21,204.9,258.35,0.15678755
22,217.85,259.85,0.15214434999999998
23,228.0,260.0,0.1851854
24,238.65,260.0,0.1663513
25,248.65,260.25,0.17134115000000003
26,258.45,260.25,0.17915809999999996
27,268.6,260.25,0.18541210000000002
28,278.6,260.3,0.20619395000000001
29,288.6,260.35,0.20503690000000002
30,308.55,266.5,0.23202440000000002
31,319.45,266.7,0.25577964999999997
32,328.85,266.7,0.2404983
33,336.65,266.7,0.2349627
34,352.45,268.3,0.26028045
