input,basicOps,recursionCount,time
0,0.0,82.0,0.00255969
1,5.86,82.0,0.004672919999999999
2,11.75,82.0,0.009314550000000001
3,17.62,82.0,0.011036650000000002
4,23.74,82.0,0.03823471
5,29.87,82.0,0.05984022000000004
6,35.37,82.0,0.020145780000000005
7,41.49,82.02,0.06791815999999998
8,47.33,82.02,0.02855804999999999
9,53.23,82.07,0.02992304000000001
10,59.45,82.12,0.07272838
11,66.1,82.17,0.036609070000000014
12,72.12,82.18,0.041653920000000025
13,78.37,82.23,0.10417060000000006
14,84.69,82.33,0.05319865000000001
15,91.66,82.81,0.056850889999999994
16,98.49,82.94,0.06159102000000002
17,106.54,83.5,0.10682867
18,113.33,83.66,0.26864470999999995
19,122.49,84.38,0.14189097000000006
20,131.81,85.25,0.08064653000000002
21,140.2,85.7,0.07366373999999999
22,150.87,86.67,0.11050558
23,161.56,87.39,0.10354929999999998
24,171.66,88.37,0.13491666000000002
25,184.17,89.46,0.109754
26,197.95,91.27,0.16500639999999994
27,213.3,93.3,0.13036508999999996
28,231.93,95.88,0.15412119000000002
29,248.54,97.64,0.49969452
