input,basicOps,recursionCount,time
0,0.0,82.0,0.0013675399999999998
1,6.12,82.0,0.00411861
2,11.62,82.0,0.0058830299999999966
3,17.71,82.0,0.009376880000000002
4,24.04,82.0,0.011622120000000005
5,30.16,82.0,0.014475159999999997
6,36.2,82.0,0.021055189999999998
7,42.62,82.03,0.02450665000000001
8,48.6,82.03,0.02355544
9,54.82,82.31,0.024525739999999997
10,61.26,82.54,0.02968882999999999
11,67.9,82.64,0.038490159999999995
12,75.09,82.99,0.045073480000000006
13,81.45,83.09,0.036920480000000006
14,87.44,83.19,0.04402054999999998
15,93.94,83.35,0.04780876000000002
16,101.41,83.55,0.04621872999999999
17,108.09,83.68,0.049382270000000006
18,115.52,84.1,0.05758325999999998
19,123.03,84.44,0.057404220000000034
20,130.89,84.69,0.061096090000000006
21,138.64,84.96,0.06358612999999998
22,148.36,85.64,0.2706979200000001
23,158.83,86.8,0.10493214000000002
24,170.91,87.92,0.09403095999999998
25,180.14,88.31,0.09452885000000003
26,194.11,90.44,0.16483686000000003
27,205.41,91.32,0.11305055999999997
28,229.19,95.29,0.11868620000000007
29,254.67,99.51,0.11987024000000002
30,276.52,102.21,0.13312367000000003
31,305.44,106.32,0.15255682999999995
32,339.47,111.86,0.20580536
33,381.37,118.01,0.19231039999999996
34,430.86,125.73,0.19206616000000004
35,525.21,142.36,0.29845135999999994
36,591.43,151.35,0.2601528999999999
37,681.46,165.42,0.30281113000000004
38,808.04,186.31,0.45955802999999973
39,890.23,199.26,0.3921867399999999
40,1154.54,244.98,0.5231153500000002
41,1445.74,289.13,0.6760709800000001
42,1992.53,366.76,1.14357137
43,2852.86,491.38,1.2735699800000002
44,4112.69,687.67,1.9033010299999993
45,7510.96,1159.92,3.2454705800000005
46,10926.85,1590.44,4.631156509999999
47,15487.27,2188.33,6.307152869999999
48,26261.7,3582.69,11.663836420000004
49,39094.47,5210.97,18.130088010000005
50,43155.35,5988.75,21.359646360000006
51,63398.6,8680.87,28.130146989999993
52,120011.4,15706.5,55.13706873999999
53,122776.21,16866.34,54.11208679999997
54,170700.57,23303.52,78.51592984000003
