input,basicOps,recursionCount,time
0,0.0,257.0,0.008078499999999999
1,9.65,257.0,0.01176425
2,21.15,257.0,0.020394250000000003
3,29.35,257.0,0.02686280000000001
4,38.9,257.0,0.03825175000000001
5,49.5,257.0,0.05180555000000001
6,59.35,257.0,0.051439099999999995
7,67.95,257.0,0.06561995000000001
8,77.85,257.0,0.06976439999999999
9,87.75,257.0,0.0774932
10,98.8,257.0,0.08575155
11,108.4,257.0,0.14169960000000004
12,118.9,257.0,0.1085099
13,128.75,257.0,0.1324762
14,138.1,257.0,0.11653290000000001
15,148.8,257.0,0.126013
16,161.15,257.55,0.13824580000000003
17,171.85,257.65,0.15384590000000004
18,186.5,258.5,0.15842535
19,197.1,258.5,0.19161475000000003
20,210.75,258.5,0.3065947
21,221.25,258.5,0.21539645000000002
22,232.5,258.5,0.32021049999999995
23,242.05,258.5,0.20656195000000005
24,252.15,258.5,0.22171550000000004
25,264.15,258.5,0.22300240000000002
26,274.95,259.15,0.2259975
27,286.85,259.4,0.27259585
28,299.65,259.85,0.6525738000000001
29,310.45,259.85,0.26040775
30,319.75,259.85,0.5924229000000001
31,330.05,260.05,0.4115411
32,341.6,260.3,0.68354585
33,351.0,260.3,0.41330764999999986
34,362.35,260.45,0.39540870000000006
35,372.45,260.55,0.3273760500000001
36,382.25,260.55,0.43810924999999995
37,391.65,260.55,0.38358650000000005
38,400.3,260.55,0.47621729999999995
39,412.15,260.55,0.3796816500000001
40,428.75,261.8,0.45354099999999986
41,438.05,261.8,0.6017712000000001
42,448.05,261.8,0.6097532500000001
43,459.05,261.8,0.42935095
44,467.55,261.8,0.41480375
