input,basicOps,recursionCount,time
0,0.0,257.0,0.006524600000000001
1,9.3,257.0,0.010586600000000002
2,19.8,257.0,0.01814375
3,30.15,257.0,0.026944850000000003
4,39.8,257.0,0.04019755000000001
5,51.25,257.0,0.04078865
6,60.25,257.0,0.050737
7,71.0,257.0,0.057760849999999996
8,79.7,257.0,0.06534084999999999
9,88.4,257.0,0.07570090000000002
10,98.05,257.0,0.17902805
11,108.35,257.0,0.09221059999999999
12,118.0,257.0,0.10765090000000002
13,127.55,257.0,0.1266664
14,136.85,257.0,0.10987924999999996
15,144.45,257.0,0.16015334999999997
16,153.35,257.0,0.14023325
17,164.05,257.05,0.15080535
18,172.55,257.05,0.14064015
19,185.15,257.1,0.15211305
20,194.05,257.1,0.15851354999999998
21,204.1,257.1,0.16336065
22,214.2,257.1,0.17588359999999997
23,225.05,257.15,0.2795799
24,232.55,257.15,0.18833260000000002
