input,basicOps,recursionCount,time
10,41.0,18.0,0.14812115
8,23.0,17.0,0.0195287
5,17.0,17.0,0.01264825
9,32.0,17.0,0.021255149999999997
9,56.0,24.0,0.033253750000000006
10,33.0,17.0,0.01658995
9,49.0,23.0,0.028016299999999994
11,40.0,17.0,0.017139800000000004
11,40.0,17.0,0.01695555
8,33.0,19.0,0.0132879
11,58.0,21.0,0.023508
9,36.0,17.0,0.014002399999999998
9,49.0,22.0,0.025405350000000004
8,26.0,17.0,0.010609200000000001
9,31.0,17.0,0.012636449999999999
10,31.0,17.0,0.0139076
8,31.0,17.0,0.010798249999999999
10,50.0,21.0,0.024528849999999998
10,50.0,22.0,0.09875924999999998
10,36.0,17.0,0.0199812
9,29.0,17.0,0.01245005
10,37.0,17.0,0.0128468
12,48.0,18.0,0.01816825
6,23.0,20.0,0.009919800000000003
6,20.0,17.0,0.0072158
9,39.0,20.0,0.02706315
9,32.0,17.0,1.21366795
10,35.0,17.0,0.1848913
7,24.0,17.0,0.009111600000000001
9,30.0,17.0,0.08396745000000001
6,22.0,17.0,0.00887485
9,36.0,17.0,0.021787900000000002
10,60.0,26.0,0.3496847
11,47.0,19.0,0.017478050000000002
5,13.0,17.0,0.0066356
10,34.0,17.0,0.014417
10,39.0,17.0,0.01350335
10,120.0,37.0,0.6703626
10,46.0,19.0,0.06260450000000001
5,20.0,17.0,0.007663250000000002
10,34.0,17.0,0.016677099999999997
7,29.0,18.0,0.0179108
9,34.0,20.0,0.014260050000000002
11,86.0,29.0,0.03371924999999999
10,47.0,20.0,0.01921815
11,38.0,17.0,0.016064249999999995
10,32.0,17.0,0.012104499999999999
8,30.0,18.0,0.0122943
8,38.0,20.0,0.02288065
12,67.0,23.0,0.031889249999999994
9,34.0,17.0,0.012244950000000001
9,36.0,17.0,0.01147505
9,46.0,21.0,0.030835049999999996
10,38.0,18.0,0.01552965
10,35.0,17.0,0.013719699999999998
5,21.0,18.0,0.00897095
5,19.0,17.0,0.0076404
11,50.0,19.0,0.02015265
10,32.0,17.0,0.01277585
9,33.0,17.0,0.013045499999999996
10,56.0,23.0,0.020255500000000006
8,29.0,17.0,0.009937650000000001
10,37.0,17.0,0.013032949999999998
9,37.0,18.0,0.014441149999999996
12,60.0,20.0,0.024337599999999994
6,23.0,18.0,0.0089931
7,23.0,17.0,0.009777150000000002
10,50.0,21.0,0.058557800000000014
7,24.0,17.0,0.0094576
11,52.0,22.0,0.02002635
9,32.0,17.0,0.01229355
10,47.0,22.0,0.0170331
11,43.0,17.0,0.015318249999999997
7,23.0,17.0,0.009407549999999997
7,22.0,17.0,0.008982950000000002
6,21.0,17.0,0.0082308
10,51.0,20.0,0.018390350000000003
10,62.0,23.0,0.021906800000000004
8,29.0,17.0,0.010349099999999998
5,17.0,17.0,0.0070732500000000005
7,24.0,17.0,0.00929545
6,21.0,17.0,0.0077988
10,36.0,17.0,0.014361400000000002
12,150.0,43.0,0.05859455000000002
6,25.0,17.0,0.008492949999999999
8,32.0,18.0,0.012710149999999998
11,46.0,18.0,0.017140449999999998
9,30.0,17.0,0.013217399999999999
6,23.0,19.0,0.0115009
10,61.0,27.0,0.0218314
12,54.0,20.0,0.02271635
9,28.0,17.0,0.01075665
6,23.0,17.0,0.0089981
8,28.0,17.0,0.010965449999999998
8,32.0,18.0,0.0123751
9,30.0,17.0,0.01239805
8,31.0,19.0,0.01244465
11,45.0,20.0,0.016606350000000002
10,68.0,24.0,0.029041300000000003
10,48.0,21.0,0.0181803
