input,basicOps,recursionCount,time
0,0.0,82.0,0.008420023299999994
1,3.0,82.0,0.009058153200000014
2,8.0,82.0,0.0073565922
3,15.0,82.0,0.007625364599999998
4,17.0,82.0,0.007975962499999985
5,21.0,82.0,0.0067198360999999925
6,27.0,82.0,0.007925799599999997
7,36.0,82.0,0.007691575399999992
8,44.0,82.0,0.008268362299999998
9,54.0,82.0,0.007991378500000005
10,56.0,82.0,0.007423327100000005
11,60.0,82.0,0.00822571846666668
12,78.0,85.0,0.009260667500000009
13,88.0,85.0,0.008806827999999994
14,91.0,85.0,0.009487348199999995
15,96.0,85.0,0.01030260609999999
16,103.0,85.0,0.010223273299999986
17,112.0,85.0,0.010280257800000001
18,120.0,85.0,0.010997484599999994
19,130.0,85.0,0.012263223299999982
20,133.0,85.0,0.012028580900000006
21,138.0,85.0,0.012492017099999995
22,145.0,85.0,0.012831455400000002
23,147.0,85.0,0.013174430699999993
24,151.0,85.0,0.013317595400000005
25,157.0,85.0,0.013821678799999987
26,163.0,85.0,0.014572958799999997
27,170.0,85.0,0.015018381
28,174.0,85.0,0.016660127799999997
29,179.0,85.0,0.015153227299999981
30,181.0,85.0,0.015587874599999994
31,184.0,85.0,0.015327621099999989
32,192.0,85.0,0.01629670430000002
33,212.0,86.0,0.0162277262
34,221.0,86.0,0.016495503200000015
35,223.0,86.0,0.0165060635
36,241.0,88.0,0.017390255349999984
37,250.0,88.0,0.018293071799999998
38,256.0,88.0,0.017887682700000008
39,263.0,88.0,0.018211616400000016
40,267.0,88.0,0.019292917399999995
41,277.0,88.0,0.019656083200000004
42,286.0,88.0,0.02153230040000004
43,292.0,88.0,0.020470544099999977
44,299.0,88.0,0.02060129639999999
45,303.0,88.0,0.020295851699999985
46,308.0,88.0,0.0216387254
47,310.0,88.0,0.021061273799999985
48,313.0,88.0,0.02137318109999999
49,320.0,88.0,0.021778103700000013
50,326.0,88.0,0.022532024199999987
51,331.0,88.0,0.022480345799999996
52,335.0,88.0,0.022958975800000003
53,338.0,88.0,0.023275077799999985
54,340.0,88.0,0.023803296399999986
55,350.0,88.0,0.024437464299999986
56,359.0,88.0,0.025128326899999998
57,367.0,88.0,0.026022229400000037
58,371.0,88.0,0.024088817100000007
59,374.0,88.0,0.02399303579999999
60,376.0,88.0,0.02455710129999996
61,383.0,88.0,0.02418036089999996
62,389.0,88.0,0.024485432900000013
63,394.0,88.0,0.02468173029999998
64,404.0,88.0,0.02591664599999998
65,413.0,88.0,0.02618527260000002
66,421.0,88.0,0.02739560890000002
67,428.0,88.0,0.0269882206
68,434.0,88.0,0.02758107459999999
69,439.0,88.0,0.02721774039999997
70,443.0,88.0,0.02856179700000001
71,446.0,88.0,0.0282926367
