input,basicOps,recursionCount,time
0,0.0,17.0,0.0067563202000000015
1,2.0,17.0,0.006587245900000007
2,5.0,17.0,0.007741442700000004
3,9.0,17.0,0.0069667434000000115
4,14.0,17.0,0.005879062400000007
5,18.0,17.0,0.005545247399999999
6,23.0,17.0,0.006001477399999989
7,25.0,17.0,0.005922374299999997
8,28.0,17.0,0.005698432900000003
9,31.0,17.0,0.005750395099999996
10,33.0,17.0,0.0056839378000000055
11,38.0,17.0,0.006115347300000001
12,42.0,17.0,0.006565855800000013
13,47.0,17.0,0.006368430299999999
14,51.0,17.0,0.007316676800000002
15,54.0,17.0,0.0061845894
