input,basicOps,recursionCount,time
0,0.0,257.0,0.0799393179000001
1,2.0,257.0,0.05853955829999999
2,5.0,257.0,0.0802649651999999
3,9.0,257.0,0.08073883940000004
4,14.0,257.0,0.06938384870000006
5,20.0,257.0,0.05738419410000001
6,27.0,257.0,0.07207500890000001
7,35.0,257.0,0.07655725199999996
8,44.0,257.0,0.07388752659999999
9,54.0,257.0,0.0664527847
10,65.0,257.0,0.07810704880000001
11,77.0,257.0,0.059751842499999985
12,90.0,257.0,0.0631927981
13,104.0,257.0,0.05360262079999999
14,119.0,257.0,0.0706342969
15,135.0,257.0,0.07136566849999995
16,152.0,257.0,0.07550860359999999
17,158.0,257.0,0.06022815049999998
18,165.0,257.0,0.06712933050000003
19,173.0,257.0,0.08122406090000003
20,182.0,257.0,0.0931677554
21,184.0,257.0,0.07355132549999992
22,187.0,257.0,0.0822163551
23,191.0,257.0,0.08425042610000004
24,196.0,257.0,0.08943859319999997
25,210.0,257.0,0.09786645949999997
26,225.0,257.0,0.09423405920000008
27,241.0,257.0,0.09597866519999997
28,258.0,257.0,0.10608526039999999
29,268.0,257.0,0.08582468630000005
30,279.0,257.0,0.09481069869999997
31,291.0,257.0,0.09851885399999993
32,304.0,257.0,0.11055044459999995
33,314.0,257.0,0.114022414
34,325.0,257.0,0.11991779589999994
35,337.0,257.0,0.13180341519999975
36,350.0,257.0,0.1287788455000001
37,364.0,257.0,0.12960902649999997
38,379.0,257.0,0.13196917909999997
39,395.0,257.0,0.14412514590000003
40,412.0,257.0,0.1369007909999998
41,414.0,257.0,0.14290899189999995
42,417.0,257.0,0.14565505069999998
43,421.0,257.0,0.16140251070000003
44,426.0,257.0,0.14635013789999995
45,432.0,257.0,0.1525375377
46,439.0,257.0,0.15897740629999987
47,447.0,257.0,0.16089353440000004
48,456.0,257.0,0.14277576340000003
49,470.0,257.0,0.15740550729999997
50,485.0,257.0,0.14329657750000005
51,501.0,257.0,0.15516497959999997
52,518.0,257.0,0.15594584940000003
53,528.0,257.0,0.1665486724999999
54,539.0,257.0,0.1846593663000002
55,551.0,257.0,0.15849022529999976
56,564.0,257.0,0.17464794969999994
57,570.0,257.0,0.18395318050000006
58,577.0,257.0,0.18576761099999994
59,585.0,257.0,0.1767744732999999
60,594.0,257.0,0.18122230709999987
61,596.0,257.0,0.18675204069999995
62,599.0,257.0,0.17146939920000004
63,603.0,257.0,0.1710711501
64,608.0,257.0,0.19533868410000002
65,611.0,257.0,0.1796389479
66,613.0,257.0,0.18970552240000021
67,618.0,257.0,0.20430165720000015
68,622.0,257.0,0.1881224284000002
69,629.0,257.0,0.19495433209999982
70,635.0,257.0,0.2132450642
71,644.0,257.0,0.21348981980000026
72,652.0,257.0,0.1972818192
73,663.0,257.0,0.2020512155999996
74,673.0,257.0,0.1953346002
75,686.0,257.0,0.19786715
76,698.0,257.0,0.19569567520000014
77,713.0,257.0,0.1900782520000003
78,727.0,257.0,0.20055647669999982
79,744.0,257.0,0.20950434650000002
80,760.0,257.0,0.21385025659999993
81,767.0,257.0,0.20074665599999966
82,773.0,257.0,0.21885849790000012
83,782.0,257.0,0.20710724900000013
84,790.0,257.0,0.2166514604
85,793.0,257.0,0.2219333375000001
86,795.0,257.0,0.2339413293
87,800.0,257.0,0.24183958359999988
88,804.0,257.0,0.21450681670000002
89,819.0,257.0,0.20996283159999998
90,833.0,257.0,0.21670624909999978
91,850.0,257.0,0.20539321370000033
92,866.0,257.0,0.22243102150000013
93,877.0,257.0,0.24069485179999997
94,887.0,257.0,0.2171519052999999
95,900.0,257.0,0.2040064841999998
96,912.0,257.0,0.2264093154999998
97,923.0,257.0,0.23499003619999992
98,933.0,257.0,0.2062807627000001
99,946.0,257.0,0.21400201339999989
100,958.0,257.0,0.23494554999999992
101,973.0,257.0,0.21891911419999988
102,987.0,257.0,0.23572071640000022
103,1004.0,257.0,0.25860258740000003
104,1020.0,257.0,0.2334303742000002
105,1023.0,257.0,0.23353233639999987
106,1025.0,257.0,0.2399397298999998
107,1030.0,257.0,0.2485160885999997
108,1034.0,257.0,0.24339425580000004
109,1041.0,257.0,0.2266014325999998
110,1047.0,257.0,0.2359384634999998
111,1056.0,257.0,0.24701091279999982
112,1064.0,257.0,0.2456271876000001
113,1079.0,257.0,0.24132064860000016
114,1093.0,257.0,0.24477199429999993
115,1110.0,257.0,0.2695785188999999
116,1126.0,257.0,0.26387725119999983
117,1137.0,257.0,0.2710510773000002
118,1147.0,257.0,0.2688460525000001
119,1160.0,257.0,0.27251509450000005
120,1172.0,257.0,0.23999271169999978
121,1179.0,257.0,0.26614248130000007
122,1185.0,257.0,0.2647104446000002
123,1194.0,257.0,0.2881402614999998
124,1202.0,257.0,0.27775132810000047
125,1205.0,257.0,0.28403094780000004
126,1207.0,257.0,0.28232838889999967
127,1212.0,257.0,0.2541598542
128,1216.0,257.0,0.25915410040000014
129,1220.0,257.0,0.27757595620000003
130,1225.0,257.0,0.26235971439999983
131,1227.0,257.0,0.2840167501999997
132,1230.0,257.0,0.2586317100999997
133,1238.0,257.0,0.30508513320000036
134,1247.0,257.0,0.2758242540999999
135,1253.0,257.0,0.28364839940000053
136,1260.0,257.0,0.2564897986000003
137,1272.0,257.0,0.2888111140999999
138,1285.0,257.0,0.28991417619999993
139,1295.0,257.0,0.31755937720000005
140,1306.0,257.0,0.3023867059000001
141,1322.0,257.0,0.31525980570000023
142,1339.0,257.0,0.2890587214000004
143,1353.0,257.0,0.2892334474
144,1368.0,257.0,0.31436415889999975
145,1376.0,257.0,0.3077059708000004
146,1385.0,257.0,0.29696003929999987
147,1391.0,257.0,0.31467900940000004
148,1398.0,257.0,0.33048898469999993
149,1402.0,257.0,0.2909460284000003
150,1407.0,257.0,0.2980875400999995
151,1409.0,257.0,0.2844800497999996
152,1412.0,257.0,0.2963034817000001
153,1428.0,257.0,0.3113767885000002
154,1445.0,257.0,0.30088161269999997
155,1459.0,257.0,0.31321964720000034
156,1474.0,257.0,0.2957564317000003
157,1486.0,257.0,0.3432079108000004
158,1499.0,257.0,0.3078066102000004
159,1509.0,257.0,0.3024927341999999
160,1520.0,257.0,0.30627057800000035
161,1532.0,257.0,0.3188438024999999
162,1545.0,257.0,0.31865379980000047
163,1555.0,257.0,0.32022517180000015
164,1566.0,257.0,0.3242143014000004
165,1582.0,257.0,0.33603273489999996
166,1599.0,257.0,0.31011972869999965
167,1613.0,257.0,0.32448738509999964
168,1628.0,257.0,0.3288247969999999
169,1632.0,257.0,0.3315792731999997
170,1637.0,257.0,0.31347024530000006
171,1639.0,257.0,0.34862594849999984
172,1642.0,257.0,0.3116095530000005
173,1650.0,257.0,0.3580245049
174,1659.0,257.0,0.32864029959999974
175,1665.0,257.0,0.35178422370000034
176,1672.0,257.0,0.3370499700000004
177,1688.0,257.0,0.33394028180000007
178,1705.0,257.0,0.3187123928999996
179,1719.0,257.0,0.33950071639999996
180,1734.0,257.0,0.3387957419
181,1746.0,257.0,0.3488769201
182,1759.0,257.0,0.34113981370000007
183,1769.0,257.0,0.3322435719999997
184,1780.0,257.0,0.3552633204999999
185,1788.0,257.0,0.3371810502
186,1797.0,257.0,0.3579903209999997
187,1803.0,257.0,0.3413089105
188,1810.0,257.0,0.34685934000000024
189,1814.0,257.0,0.3731524852999998
190,1819.0,257.0,0.34552609830000025
191,1821.0,257.0,0.3585704208000002
192,1824.0,257.0,0.3687512381999998
193,1829.0,257.0,0.34513794189999997
194,1833.0,257.0,0.36420495149999976
195,1836.0,257.0,0.3592811725000002
196,1838.0,257.0,0.3345583470000002
197,1847.0,257.0,0.3497344498
198,1855.0,257.0,0.3677105564999995
199,1862.0,257.0,0.3681726923999999
200,1868.0,257.0,0.3519655722000001
201,1881.0,257.0,0.3523492478000001
202,1893.0,257.0,0.36969820769999995
203,1904.0,257.0,0.3557847797999999
204,1914.0,257.0,0.38605476410000034
205,1931.0,257.0,0.3572101216999997
206,1947.0,257.0,0.38312085749999997
207,1962.0,257.0,0.3304151064000003
208,1976.0,257.0,0.33756451990000014
209,1985.0,257.0,0.3631593757
210,1993.0,257.0,0.3532575497999995
211,2000.0,257.0,0.3371247647000002
212,2006.0,257.0,0.3526201969000004
213,2011.0,257.0,0.34727572149999986
214,2015.0,257.0,0.37348326460000064
215,2018.0,257.0,0.3589818570999999
216,2020.0,257.0,0.34816064899999993
217,2037.0,257.0,0.37018172069999955
218,2053.0,257.0,0.3743811357000002
219,2068.0,257.0,0.3624716263999998
220,2082.0,257.0,0.36507286810000034
221,2095.0,257.0,0.3466050233000006
222,2107.0,257.0,0.3698407405999998
223,2118.0,257.0,0.3932807155
224,2128.0,257.0,0.3626149332000001
225,2141.0,257.0,0.3730390895999996
226,2153.0,257.0,0.3588644235000003
227,2164.0,257.0,0.3563570171999999
228,2174.0,257.0,0.3518809523999997
229,2191.0,257.0,0.3840344956
230,2207.0,257.0,0.3793524788999999
231,2222.0,257.0,0.39853640890000025
232,2236.0,257.0,0.3903988761999998
233,2241.0,257.0,0.3736051377999998
234,2245.0,257.0,0.35695668979999984
235,2248.0,257.0,0.36231986709999997
236,2250.0,257.0,0.3810857449
237,2259.0,257.0,0.38892677449999996
238,2267.0,257.0,0.3701568591999997
239,2274.0,257.0,0.3854938259999997
240,2280.0,257.0,0.3779080351
241,2297.0,257.0,0.3953478615999997
242,2313.0,257.0,0.39157373379999966
243,2328.0,257.0,0.3659969844000002
244,2342.0,257.0,0.3933514458999993
245,2355.0,257.0,0.3947464967000001
246,2367.0,257.0,0.39069099050000006
247,2378.0,257.0,0.4061862481999997
248,2388.0,257.0,0.3913882499999999
249,2397.0,257.0,0.40729113690000024
250,2405.0,257.0,0.4156059200000003
251,2412.0,257.0,0.4091185393999997
252,2418.0,257.0,0.3787021454000003
253,2423.0,257.0,0.3990267353
254,2427.0,257.0,0.39600436040000014
255,2430.0,257.0,0.40007754969999937
