input,basicOps,recursionCount,time
0,0.0,17.0,0.129914446
1,2.0,17.0,0.07796007300000002
2,5.0,17.0,0.141851636
3,9.0,17.0,0.10224283100000003
4,14.0,17.0,0.12374702799999993
5,18.0,17.0,0.04729068499999999
6,23.0,17.0,0.10031024999999999
7,25.0,17.0,0.14432104199999995
8,28.0,17.0,0.034113822999999995
9,31.0,17.0,0.11494890900000003
10,33.0,17.0,0.10577041400000001
11,38.0,17.0,0.089791475
12,42.0,17.0,0.09179567700000002
13,47.0,17.0,0.10565758599999997
14,51.0,17.0,0.07358914200000002
15,54.0,17.0,0.05076197
