input,basicOps,recursionCount,time
0,0.0,82.0,0.135760215
1,3.0,82.0,0.10287099599999998
2,8.0,82.0,0.09678975700000007
3,15.0,82.0,0.12074132100000005
4,17.0,82.0,0.17650430199999995
5,21.0,82.0,0.12475853399999995
6,27.0,82.0,0.07443916299999999
7,36.0,82.0,0.12605067800000003
8,44.0,82.0,0.1797761810000001
9,54.0,82.0,0.11061951300000007
10,56.0,82.0,0.143997431
11,60.0,82.0,0.1224818733333333
12,78.0,85.0,0.09694984900000007
13,88.0,85.0,0.14709421600000006
14,91.0,85.0,0.14030670199999995
15,96.0,85.0,0.09780834199999999
16,103.0,85.0,0.08292164099999999
17,112.0,85.0,0.12294665999999996
18,120.0,85.0,0.106919198
19,130.0,85.0,0.08919692099999998
20,133.0,85.0,0.093205584
21,138.0,85.0,0.050444519000000014
22,145.0,85.0,0.09115593900000003
23,147.0,85.0,0.18384346299999993
24,151.0,85.0,0.10660761899999996
25,157.0,85.0,0.19313848600000003
26,163.0,85.0,0.17094346799999996
27,170.0,85.0,0.07555943999999998
28,174.0,85.0,0.155768578
29,179.0,85.0,0.16428295299999998
30,181.0,85.0,0.164022512
31,184.0,85.0,0.13573011300000004
32,192.0,85.0,0.13749212
33,212.0,86.0,0.12494749799999993
34,221.0,86.0,0.12748419249999995
35,223.0,86.0,0.09461731349999994
36,241.0,88.0,0.12372986200000008
37,250.0,88.0,0.12879958799999994
38,256.0,88.0,0.1799798279999999
39,263.0,88.0,0.129344184
40,267.0,88.0,0.12322250650000001
41,277.0,88.0,0.1830850279999999
42,286.0,88.0,0.21447985699999988
43,292.0,88.0,0.17867495799999997
44,299.0,88.0,0.20915199199999995
45,303.0,88.0,0.17720781400000005
46,308.0,88.0,0.174142091
47,310.0,88.0,0.18337831699999999
48,313.0,88.0,0.18162724999999993
49,320.0,88.0,0.10841992800000004
50,326.0,88.0,0.07142386600000002
51,331.0,88.0,0.192429588
52,335.0,88.0,0.139264798
53,338.0,88.0,0.20686895500000002
54,340.0,88.0,0.16433533099999997
55,350.0,88.0,0.21695290600000006
56,359.0,88.0,0.11961978799999999
57,367.0,88.0,0.26272417100000006
58,371.0,88.0,0.17529018400000002
59,374.0,88.0,0.21646773000000002
60,376.0,88.0,0.2455432605000002
61,383.0,88.0,0.16203235600000002
62,389.0,88.0,0.22924425700000015
63,394.0,88.0,0.157189595
64,404.0,88.0,0.20636682400000006
65,413.0,88.0,0.195269726
66,421.0,88.0,0.15855803000000004
67,428.0,88.0,0.18593950099999987
68,434.0,88.0,0.19174749800000002
69,439.0,88.0,0.19542241599999993
70,443.0,88.0,0.2062449140000001
71,446.0,88.0,0.14447944799999998
