input,basicOps,recursionCount,time
0,0.0,257.0,0.2023953109999999
1,2.0,257.0,0.19692092999999994
2,5.0,257.0,0.126035073
3,9.0,257.0,0.23880195099999998
4,14.0,257.0,0.173486005
5,20.0,257.0,0.22265365599999998
6,27.0,257.0,0.16643726100000003
7,35.0,257.0,0.14390592600000002
8,44.0,257.0,0.1694366640000001
9,54.0,257.0,0.10767614400000003
10,65.0,257.0,0.19830658299999995
11,77.0,257.0,0.169329714
12,90.0,257.0,0.19861637399999998
13,104.0,257.0,0.14791641100000005
14,119.0,257.0,0.07160654200000001
15,135.0,257.0,0.15260819800000006
16,152.0,257.0,0.17274334299999997
17,158.0,257.0,0.10284993599999996
18,165.0,257.0,0.2519024349999998
19,173.0,257.0,0.25587137600000015
20,182.0,257.0,0.19810497200000007
21,184.0,257.0,0.19303722900000003
22,187.0,257.0,0.12304047200000001
23,191.0,257.0,0.1926039190000001
24,196.0,257.0,0.141382917
25,210.0,257.0,0.28646144300000004
26,225.0,257.0,0.15376842599999999
27,241.0,257.0,0.24458386
28,258.0,257.0,0.27090305599999986
29,268.0,257.0,0.298922461
30,279.0,257.0,0.333247225
31,291.0,257.0,0.22680434100000008
32,304.0,257.0,0.28333656700000004
33,314.0,257.0,0.3425980830000001
34,325.0,257.0,0.2393748060000001
35,337.0,257.0,0.34686438299999994
36,350.0,257.0,0.40334410399999987
37,364.0,257.0,0.31628944600000003
38,379.0,257.0,0.27663669699999993
39,395.0,257.0,0.28571356400000003
40,412.0,257.0,0.32622952699999985
41,414.0,257.0,0.369942217
42,417.0,257.0,0.3320607150000001
43,421.0,257.0,0.36439115200000005
44,426.0,257.0,0.3648219920000001
45,432.0,257.0,0.34399007900000017
46,439.0,257.0,0.2639342910000001
47,447.0,257.0,0.3477429960000001
48,456.0,257.0,0.313237355
49,470.0,257.0,0.4070189259999999
50,485.0,257.0,0.2536560419999999
51,501.0,257.0,0.35906721399999986
52,518.0,257.0,0.3239396270000002
53,528.0,257.0,0.320788598
54,539.0,257.0,0.4360199350000001
55,551.0,257.0,0.36302080600000003
56,564.0,257.0,0.4170810709999999
57,570.0,257.0,0.37241207500000006
58,577.0,257.0,0.3849453050000002
59,585.0,257.0,0.331228655
60,594.0,257.0,0.352147244
61,596.0,257.0,0.49439978299999987
62,599.0,257.0,0.340132706
63,603.0,257.0,0.4103908249999999
64,608.0,257.0,0.508528983
65,611.0,257.0,0.441963165
66,613.0,257.0,0.5863861889999998
67,618.0,257.0,0.40573223099999983
68,622.0,257.0,0.4204306470000001
69,629.0,257.0,0.39276752599999987
70,635.0,257.0,0.516192615
71,644.0,257.0,0.5096646789999998
72,652.0,257.0,0.35595393900000016
73,663.0,257.0,0.3496383420000001
74,673.0,257.0,0.35308602699999986
75,686.0,257.0,0.4626837300000002
76,698.0,257.0,0.49372184100000005
77,713.0,257.0,0.44764352299999993
78,727.0,257.0,0.49826051799999993
79,744.0,257.0,0.38288206
80,760.0,257.0,0.4722142559999999
81,767.0,257.0,0.48051849899999993
82,773.0,257.0,0.3638909499999999
83,782.0,257.0,0.4509134850000001
84,790.0,257.0,0.3959559270000002
85,793.0,257.0,0.45361937399999996
86,795.0,257.0,0.566912368
87,800.0,257.0,0.43971725599999983
88,804.0,257.0,0.3784010870000001
89,819.0,257.0,0.44927340999999993
90,833.0,257.0,0.457944869
91,850.0,257.0,0.48091921100000007
92,866.0,257.0,0.621551287
93,877.0,257.0,0.4520476060000002
94,887.0,257.0,0.46480353500000005
95,900.0,257.0,0.41945555300000004
96,912.0,257.0,0.46401801199999987
97,923.0,257.0,0.5234192569999999
98,933.0,257.0,0.5681864389999998
99,946.0,257.0,0.6080857190000001
100,958.0,257.0,0.4522056549999999
101,973.0,257.0,0.3990101719999999
102,987.0,257.0,0.4512225609999998
103,1004.0,257.0,0.48729933
104,1020.0,257.0,0.44408043999999997
105,1023.0,257.0,0.5811779320000001
106,1025.0,257.0,0.58114296
107,1030.0,257.0,0.5774321430000003
108,1034.0,257.0,0.5250809500000001
109,1041.0,257.0,0.6032531289999997
110,1047.0,257.0,0.5765598580000001
111,1056.0,257.0,0.573710527
112,1064.0,257.0,0.44840322200000005
113,1079.0,257.0,0.689090027
114,1093.0,257.0,0.49470740500000004
115,1110.0,257.0,0.4474388
116,1126.0,257.0,0.46457990499999974
117,1137.0,257.0,0.7119374949999999
118,1147.0,257.0,0.590056872
119,1160.0,257.0,0.5336872729999999
120,1172.0,257.0,0.5992993460000003
121,1179.0,257.0,0.58260036
122,1185.0,257.0,0.595770292
123,1194.0,257.0,0.6258343689999999
124,1202.0,257.0,0.5613095420000002
125,1205.0,257.0,0.612134955
126,1207.0,257.0,0.596174818
127,1212.0,257.0,0.643210879
128,1216.0,257.0,0.4877721139999999
129,1220.0,257.0,0.63882463
130,1225.0,257.0,0.5589419360000002
131,1227.0,257.0,0.681345043
132,1230.0,257.0,0.6667301420000001
133,1238.0,257.0,0.6964176440000003
134,1247.0,257.0,0.526513732
135,1253.0,257.0,0.5762998659999997
136,1260.0,257.0,0.720383255
137,1272.0,257.0,0.6326289019999999
138,1285.0,257.0,0.6717934810000001
139,1295.0,257.0,0.756642598
140,1306.0,257.0,0.710202536
141,1322.0,257.0,0.7642312109999999
142,1339.0,257.0,0.582383451
143,1353.0,257.0,0.6816767650000002
144,1368.0,257.0,0.6581462819999999
145,1376.0,257.0,0.6803016729999999
146,1385.0,257.0,0.665511765
147,1391.0,257.0,0.6914633649999999
148,1398.0,257.0,0.8023063709999999
149,1402.0,257.0,0.6485929459999998
150,1407.0,257.0,0.720926383
151,1409.0,257.0,0.621251636
152,1412.0,257.0,0.698074911
153,1428.0,257.0,0.5192326770000001
154,1445.0,257.0,0.6944326120000003
155,1459.0,257.0,0.6139185589999999
156,1474.0,257.0,0.649161248
157,1486.0,257.0,0.7095078319999996
158,1499.0,257.0,0.640502693
159,1509.0,257.0,0.5644835799999999
160,1520.0,257.0,0.603332424
161,1532.0,257.0,0.6366430939999997
162,1545.0,257.0,0.7112332189999999
163,1555.0,257.0,0.6360644790000002
164,1566.0,257.0,0.6408092739999997
165,1582.0,257.0,0.6029336640000001
166,1599.0,257.0,0.7640520249999997
167,1613.0,257.0,0.7378045939999996
168,1628.0,257.0,0.6558333149999998
169,1632.0,257.0,0.6409925040000001
170,1637.0,257.0,0.7716170620000001
171,1639.0,257.0,0.6894269310000002
172,1642.0,257.0,0.8620043049999999
173,1650.0,257.0,0.7040562610000001
174,1659.0,257.0,0.626470195
175,1665.0,257.0,0.6854684800000002
176,1672.0,257.0,0.8071781560000001
177,1688.0,257.0,0.6270525259999998
178,1705.0,257.0,0.7400077460000002
179,1719.0,257.0,0.754791481
180,1734.0,257.0,0.8212771110000001
181,1746.0,257.0,0.9460392620000002
182,1759.0,257.0,0.891771865
183,1769.0,257.0,0.7533447689999998
184,1780.0,257.0,0.8036184269999996
185,1788.0,257.0,0.6437774320000001
186,1797.0,257.0,0.9017376879999999
187,1803.0,257.0,0.8168040499999999
188,1810.0,257.0,0.7146307330000004
189,1814.0,257.0,0.7964167509999999
190,1819.0,257.0,0.7184527239999996
191,1821.0,257.0,0.8442923300000005
192,1824.0,257.0,0.792844719
193,1829.0,257.0,0.6662975110000003
194,1833.0,257.0,0.553689228
195,1836.0,257.0,0.7411438509999999
196,1838.0,257.0,0.7254809440000001
197,1847.0,257.0,0.584173282
198,1855.0,257.0,0.6464623999999998
199,1862.0,257.0,0.868704682
200,1868.0,257.0,0.723401337
201,1881.0,257.0,0.7454342559999999
202,1893.0,257.0,0.814033499
203,1904.0,257.0,0.9253862319999997
204,1914.0,257.0,0.903757989
205,1931.0,257.0,0.7751766269999999
206,1947.0,257.0,0.6951214299999999
207,1962.0,257.0,0.762245523
208,1976.0,257.0,0.6788369630000001
209,1985.0,257.0,0.6594073620000002
210,1993.0,257.0,0.7172770180000001
211,2000.0,257.0,0.7057607649999998
212,2006.0,257.0,0.6695998130000003
213,2011.0,257.0,0.878703581
214,2015.0,257.0,0.6401125349999998
215,2018.0,257.0,0.670674892
216,2020.0,257.0,0.9015148760000002
217,2037.0,257.0,0.9256794960000002
218,2053.0,257.0,0.6513491020000001
219,2068.0,257.0,0.7022867669999999
220,2082.0,257.0,0.7385213759999999
221,2095.0,257.0,0.6921338499999997
222,2107.0,257.0,0.7084699649999999
223,2118.0,257.0,0.682731498
224,2128.0,257.0,0.8674810349999998
225,2141.0,257.0,0.8166013390000002
226,2153.0,257.0,0.7152717860000004
227,2164.0,257.0,0.8516510069999998
228,2174.0,257.0,0.9019719810000002
229,2191.0,257.0,0.7127564270000002
230,2207.0,257.0,0.779835367
231,2222.0,257.0,0.8730479760000001
232,2236.0,257.0,0.7842335650000003
233,2241.0,257.0,0.907068263
234,2245.0,257.0,0.7678521350000002
235,2248.0,257.0,0.8009962260000004
236,2250.0,257.0,0.9160292959999999
237,2259.0,257.0,0.9260387900000003
238,2267.0,257.0,0.916180077
239,2274.0,257.0,0.8950665589999999
240,2280.0,257.0,0.7522121070000003
241,2297.0,257.0,0.9443922450000002
242,2313.0,257.0,0.959406022
243,2328.0,257.0,0.8068199669999998
244,2342.0,257.0,0.7613011560000004
245,2355.0,257.0,0.821847187
246,2367.0,257.0,0.907573127
247,2378.0,257.0,0.7387233389999999
248,2388.0,257.0,0.9842066800000001
249,2397.0,257.0,0.8268616619999999
250,2405.0,257.0,0.851553797
251,2412.0,257.0,0.784897039
252,2418.0,257.0,0.7801791569999997
253,2423.0,257.0,0.8091523689999999
254,2427.0,257.0,0.8694501569999997
255,2430.0,257.0,0.8135473449999999
