input,basicOps,recursionCount,time
10,41.0,18.0,0.019894868999999957
8,23.0,17.0,0.005990620000000005
5,17.0,17.0,0.008436631000000003
9,32.0,17.0,0.007232847000000001
9,56.0,24.0,0.013330590000000008
10,33.0,17.0,0.013681139999999994
9,49.0,23.0,0.014641652000000003
11,40.0,17.0,0.009462505000000003
11,40.0,17.0,0.009224023000000005
8,33.0,19.0,0.00778613399999999
11,58.0,21.0,0.016084736000000013
9,36.0,17.0,0.012996950999999996
9,49.0,22.0,0.020240637000000006
8,26.0,17.0,0.005596676999999993
9,31.0,17.0,0.0067599649999999945
10,31.0,17.0,0.007072353999999993
8,31.0,17.0,0.006128461
10,50.0,21.0,0.010259321000000005
10,50.0,22.0,0.01069033700000001
10,36.0,17.0,0.006801988999999994
9,29.0,17.0,0.006440140999999997
10,37.0,17.0,0.007578171000000007
12,48.0,18.0,0.010470077999999996
6,23.0,20.0,0.01000581899999999
6,20.0,17.0,0.007233595000000004
9,39.0,20.0,0.01380293700000001
9,32.0,17.0,0.011838460000000006
10,35.0,17.0,0.012455293000000008
7,24.0,17.0,0.009021236999999988
9,30.0,17.0,0.0060996790000000045
6,22.0,17.0,0.004683172000000012
9,36.0,17.0,0.006720150999999995
10,60.0,26.0,0.011602821999999985
11,47.0,19.0,0.009132297999999999
5,13.0,17.0,0.0033040069999999994
10,34.0,17.0,0.007208016000000003
10,39.0,17.0,0.007434404999999996
10,120.0,37.0,0.02284400299999998
10,46.0,19.0,0.00963256500000001
5,20.0,17.0,0.0039374369999999985
10,34.0,17.0,0.007124192000000007
7,29.0,18.0,0.005322036999999998
9,34.0,20.0,0.007234523000000001
11,86.0,29.0,0.016191057999999998
10,47.0,20.0,0.009999171999999997
11,38.0,17.0,0.008258864
10,32.0,17.0,0.007027787000000009
8,30.0,18.0,0.012179663999999982
8,38.0,20.0,0.014231259000000001
12,67.0,23.0,0.015310880000000023
9,34.0,17.0,0.0065202579999999975
9,36.0,17.0,0.006588887999999996
9,46.0,21.0,0.009012016999999997
10,38.0,18.0,0.008797148
10,35.0,17.0,0.006894031000000001
5,21.0,18.0,0.0044196850000000005
5,19.0,17.0,0.004132389000000002
11,50.0,19.0,0.01095515200000001
10,32.0,17.0,0.007020586000000003
9,33.0,17.0,0.006598156999999998
10,56.0,23.0,0.011217488000000001
8,29.0,17.0,0.005515914999999998
10,37.0,17.0,0.006915466999999997
9,37.0,18.0,0.00768592399999999
12,60.0,20.0,0.012527990999999997
6,23.0,18.0,0.004632948000000005
7,23.0,17.0,0.005279323000000003
10,50.0,21.0,0.008897814000000013
7,24.0,17.0,0.005053527000000009
11,52.0,22.0,0.010334867000000011
9,32.0,17.0,0.006531903000000005
10,47.0,22.0,0.009225867000000004
11,43.0,17.0,0.008446654000000005
7,23.0,17.0,0.005299018999999998
7,22.0,17.0,0.004861694000000002
6,21.0,17.0,0.0042478630000000045
10,51.0,20.0,0.009549908999999999
10,62.0,23.0,0.011515661000000003
8,29.0,17.0,0.005837152
5,17.0,17.0,0.003587484000000003
7,24.0,17.0,0.004811622000000005
6,21.0,17.0,0.004050184
10,36.0,17.0,0.006772876000000003
12,150.0,43.0,0.02892293699999998
6,25.0,17.0,0.004273275000000003
8,32.0,18.0,0.006260089999999988
11,46.0,18.0,0.008997476999999993
9,30.0,17.0,0.006161223999999991
6,23.0,19.0,0.004746223999999999
10,61.0,27.0,0.011404654999999994
12,54.0,20.0,0.012180815
9,28.0,17.0,0.00610312600000001
6,23.0,17.0,0.004557780999999993
8,28.0,17.0,0.006386585999999994
8,32.0,18.0,0.006690743999999997
9,30.0,17.0,0.006741338000000002
8,31.0,19.0,0.006342325000000007
11,45.0,20.0,0.008952361000000013
10,68.0,24.0,0.01509319100000003
10,48.0,21.0,0.009984716999999982
