input,basicOps,recursionCount,time
10,41.0,18.0,0.04630857999999999
8,23.0,17.0,0.011983109999999998
5,17.0,17.0,0.00777716
9,32.0,17.0,0.014206819999999998
9,56.0,24.0,0.02356235
10,33.0,17.0,0.020429600000000003
9,49.0,23.0,0.053189919999999995
11,40.0,17.0,0.008987889999999997
11,40.0,17.0,0.008148720000000003
8,33.0,19.0,0.007950740000000005
11,58.0,21.0,0.020952550000000007
9,36.0,17.0,0.24584484
9,49.0,22.0,0.011099329999999996
8,26.0,17.0,0.0059189
9,31.0,17.0,0.007872250000000003
10,31.0,17.0,0.007521739999999999
8,31.0,17.0,0.006521950000000002
10,50.0,21.0,0.01266603
10,50.0,22.0,0.011651310000000002
10,36.0,17.0,0.007157139999999996
9,29.0,17.0,0.006914420000000002
10,37.0,17.0,0.007397900000000002
12,48.0,18.0,0.010684299999999997
6,23.0,20.0,0.12616928999999996
6,20.0,17.0,0.004336019999999999
9,39.0,20.0,0.00862402
9,32.0,17.0,0.007049369999999998
10,35.0,17.0,0.007564980000000003
7,24.0,17.0,0.005414050000000001
9,30.0,17.0,0.006575910000000001
6,22.0,17.0,0.007752640000000001
9,36.0,17.0,0.29072365
10,60.0,26.0,0.07452497000000001
11,47.0,19.0,0.03483315
5,13.0,17.0,0.014729709999999997
10,34.0,17.0,0.02803974000000001
10,39.0,17.0,0.012216040000000004
10,120.0,37.0,0.029120289999999997
10,46.0,19.0,0.010668990000000005
5,20.0,17.0,0.0097102
10,34.0,17.0,0.007317900000000001
7,29.0,18.0,0.00592128
9,34.0,20.0,0.007616390000000003
11,86.0,29.0,0.017800970000000003
10,47.0,20.0,0.010584089999999999
11,38.0,17.0,0.016932110000000007
10,32.0,17.0,0.00710415
8,30.0,18.0,0.007013049999999998
8,38.0,20.0,0.008345510000000002
12,67.0,23.0,0.014907690000000005
9,34.0,17.0,0.00686407
9,36.0,17.0,0.006734869999999997
9,46.0,21.0,0.009710299999999998
10,38.0,18.0,0.009185630000000002
10,35.0,17.0,0.007219620000000001
5,21.0,18.0,0.0048189
5,19.0,17.0,0.00422402
11,50.0,19.0,0.01137571
10,32.0,17.0,0.013728279999999999
9,33.0,17.0,0.02432403
10,56.0,23.0,0.04065033
8,29.0,17.0,0.0144567
10,37.0,17.0,0.025390539999999996
9,37.0,18.0,0.028834589999999993
12,60.0,20.0,0.48061724
6,23.0,18.0,0.009208189999999998
7,23.0,17.0,0.009941439999999998
10,50.0,21.0,0.016038400000000005
7,24.0,17.0,0.008743259999999997
11,52.0,22.0,0.02483138
9,32.0,17.0,0.2745999999999999
10,47.0,22.0,0.008869950000000001
11,43.0,17.0,0.01215344
7,23.0,17.0,0.004963559999999999
7,22.0,17.0,0.004861460000000001
6,21.0,17.0,0.004240259999999999
10,51.0,20.0,0.00990406
10,62.0,23.0,0.011741850000000003
8,29.0,17.0,0.00546616
5,17.0,17.0,0.0035671499999999994
7,24.0,17.0,0.004837110000000002
6,21.0,17.0,0.00402854
10,36.0,17.0,0.00846997
12,150.0,43.0,0.02774226999999998
6,25.0,17.0,0.00454476
8,32.0,18.0,0.006272580000000001
11,46.0,18.0,0.009051849999999998
9,30.0,17.0,0.006041949999999999
6,23.0,19.0,0.00477178
10,61.0,27.0,0.011747899999999999
12,54.0,20.0,0.011941219999999997
9,28.0,17.0,0.005907740000000003
6,23.0,17.0,0.004675050000000001
8,28.0,17.0,0.04635041
8,32.0,18.0,0.04806091999999997
9,30.0,17.0,0.007906679999999998
8,31.0,19.0,0.0063228799999999995
11,45.0,20.0,0.009077630000000001
10,68.0,24.0,0.015328090000000003
10,48.0,21.0,0.009711979999999999
