input,basicOps,recursionCount,time
34,649.0,171.0,0.21610432400000018
43,893.0,177.0,0.28449178799999947
32,264.0,106.0,0.10271332400000005
43,1574.0,300.0,0.572440049
38,1045.0,254.0,0.3218845379999998
43,736.0,191.0,0.256651616
47,548.0,119.0,0.1786735729999998
37,251.0,88.0,0.09942110399999993
46,4835.0,919.0,1.586399665000002
36,473.0,133.0,0.15095196500000005
24,157.0,82.0,0.053394987999999984
39,331.0,97.0,0.11836151799999992
36,258.0,88.0,0.09800585000000002
40,1362.0,235.0,0.3590332839999999
37,258.0,87.0,0.09511877800000007
45,3361.0,636.0,1.0338935829999996
39,304.0,91.0,0.120922881
27,167.0,85.0,0.061957560999999904
35,758.0,199.0,0.21572249199999968
27,222.0,93.0,0.07967985300000002
25,170.0,84.0,0.06091013599999996
40,1695.0,371.0,0.46854264499999937
36,264.0,91.0,0.1053557929999999
25,172.0,86.0,0.06246265399999991
29,213.0,95.0,0.07881708400000008
23,159.0,87.0,0.06078212499999994
41,842.0,203.0,0.2935272270000005
30,189.0,83.0,0.075791672
44,758.0,149.0,0.2770739399999998
42,1505.0,335.0,0.47303679799999954
30,253.0,92.0,0.09718494199999994
29,200.0,90.0,0.07801761099999992
41,2223.0,372.0,0.7826434060000004
29,205.0,95.0,0.0770360009999999
44,355.0,101.0,0.13296542299999997
40,474.0,134.0,0.16300555200000003
38,324.0,93.0,0.12626717900000003
28,251.0,112.0,0.07983764900000005
28,158.0,82.0,0.06355082200000006
33,281.0,94.0,0.09497878199999991
39,297.0,93.0,0.10877656999999995
48,14877.0,2662.0,4.035867798999999
39,979.0,217.0,0.3395026090000001
40,269.0,84.0,0.10411349800000008
33,223.0,87.0,0.094012918
42,958.0,214.0,0.3525072549999999
44,5568.0,1010.0,1.5754245359999997
42,1567.0,332.0,0.5483007349999991
33,301.0,95.0,0.10562469600000003
49,48541.0,6223.0,17.812592053999985
27,191.0,84.0,0.07708464500000003
34,558.0,145.0,0.16377750700000032
42,534.0,113.0,0.2404880629999999
40,558.0,144.0,0.18899945299999996
47,1649.0,303.0,0.5538313989999996
24,174.0,89.0,0.06593953399999995
32,440.0,126.0,0.15208182900000006
27,158.0,82.0,0.061412389
36,569.0,146.0,0.21125489200000003
34,581.0,161.0,0.19858232399999984
43,1234.0,251.0,0.41803042200000007
44,5327.0,817.0,1.973966852000002
19,112.0,83.0,0.043086688000000026
46,3483.0,576.0,1.248465534
42,281.0,91.0,0.11863544400000005
37,505.0,131.0,0.15469862099999998
39,303.0,94.0,0.1192708430000001
41,1017.0,208.0,0.33710854599999995
44,1274.0,216.0,0.37309524000000016
38,1447.0,306.0,0.5099265419999994
25,181.0,89.0,0.06311288499999994
23,132.0,82.0,0.050140049999999915
35,234.0,91.0,0.09080149700000001
23,146.0,82.0,0.05156079400000002
30,176.0,83.0,0.07491722999999999
40,380.0,106.0,0.14083763100000005
39,1103.0,223.0,0.34625185799999986
42,368.0,100.0,0.14085304800000006
29,194.0,90.0,0.07861090600000009
33,207.0,83.0,0.08375773199999993
28,164.0,82.0,0.06778126700000003
39,307.0,95.0,0.12014565100000006
31,195.0,88.0,0.08278199299999996
46,11755.0,2061.0,3.2901233140000037
32,309.0,108.0,0.10928792899999992
39,414.0,112.0,0.136556626
21,121.0,93.0,0.05269466599999996
14,104.0,82.0,0.03435052900000004
38,488.0,137.0,0.1614756429999998
39,946.0,203.0,0.311388328
12,69.0,82.0,0.026162781000000017
34,267.0,90.0,0.09580111700000003
40,436.0,128.0,0.1689640590000001
32,263.0,96.0,0.10764207100000009
32,246.0,96.0,0.10179225699999989
37,358.0,100.0,0.14616667999999963
26,162.0,82.0,0.061092665999999955
43,406.0,110.0,0.15669359100000002
40,393.0,118.0,0.14195513500000004
23,152.0,85.0,0.06048527499999998
