input,basicOps,recursionCount,time
34,649.0,171.0,0.7231917500000002
43,893.0,177.0,0.6398882399999999
32,264.0,106.0,0.33295718999999996
43,1574.0,300.0,1.8660759299999996
38,1045.0,254.0,0.31916420999999995
43,736.0,191.0,0.34861089999999995
47,548.0,119.0,0.29857666
37,251.0,88.0,0.09510683000000003
46,4835.0,919.0,2.7516846600000004
36,473.0,133.0,0.24788753999999996
24,157.0,82.0,0.051883900000000004
39,331.0,97.0,0.1275481
36,258.0,88.0,0.09902957999999996
40,1362.0,235.0,0.36622693000000006
37,258.0,87.0,0.09602503999999996
45,3361.0,636.0,1.19717498
39,304.0,91.0,0.11865402999999995
27,167.0,85.0,0.06060501999999999
35,758.0,199.0,0.33299989000000013
27,222.0,93.0,0.07738874999999999
25,170.0,84.0,0.05978185
40,1695.0,371.0,0.48075021
36,264.0,91.0,0.10579936000000002
25,172.0,86.0,0.06293160000000002
29,213.0,95.0,0.07810112000000001
23,159.0,87.0,0.05849046999999998
41,842.0,203.0,0.53392781
30,189.0,83.0,0.07423208999999999
44,758.0,149.0,0.2724116900000001
42,1505.0,335.0,0.4885224
30,253.0,92.0,0.09310502999999998
29,200.0,90.0,0.07677408000000002
41,2223.0,372.0,0.7999987199999998
29,205.0,95.0,0.07415054
44,355.0,101.0,0.13319412000000005
40,474.0,134.0,0.29173804999999997
38,324.0,93.0,0.13220300000000001
28,251.0,112.0,0.07875743999999998
28,158.0,82.0,0.28418020000000005
33,281.0,94.0,0.09997903000000002
39,297.0,93.0,0.10859435999999997
48,14877.0,2662.0,5.700264319999998
39,979.0,217.0,0.2996552999999999
40,269.0,84.0,0.1732486799999999
33,223.0,87.0,0.31772917000000006
42,958.0,214.0,0.7307050299999999
44,5568.0,1010.0,2.5756269400000003
42,1567.0,332.0,0.5506439099999999
33,301.0,95.0,0.10556661
49,48541.0,6223.0,25.90162324
27,191.0,84.0,0.07529630000000004
34,558.0,145.0,0.15863647000000008
42,534.0,113.0,0.23324322999999988
40,558.0,144.0,0.18961773999999995
47,1649.0,303.0,0.55653531
24,174.0,89.0,0.0625245
32,440.0,126.0,0.15413149999999992
27,158.0,82.0,0.058925499999999964
36,569.0,146.0,0.33706636999999984
34,581.0,161.0,0.19740317999999998
43,1234.0,251.0,0.5676756999999999
44,5327.0,817.0,3.529025200000001
19,112.0,83.0,0.04170684000000002
46,3483.0,576.0,1.56313039
42,281.0,91.0,0.11623416999999998
37,505.0,131.0,0.14894706000000002
39,303.0,94.0,0.11958083999999998
41,1017.0,208.0,0.34414909999999993
44,1274.0,216.0,0.36925687999999995
38,1447.0,306.0,0.64479297
25,181.0,89.0,0.06228110000000002
23,132.0,82.0,0.04805379000000001
35,234.0,91.0,0.09329248000000001
23,146.0,82.0,0.04911088000000002
30,176.0,83.0,0.07288124000000003
40,380.0,106.0,0.13719945000000006
39,1103.0,223.0,0.3565264100000002
42,368.0,100.0,0.13921766999999996
29,194.0,90.0,0.07531975
33,207.0,83.0,0.08192427999999995
28,164.0,82.0,0.06462823000000001
39,307.0,95.0,0.11955029000000009
31,195.0,88.0,0.08003544
46,11755.0,2061.0,4.83432034
32,309.0,108.0,0.10644657000000005
39,414.0,112.0,0.13269340000000004
21,121.0,93.0,0.05070334
14,104.0,82.0,0.047677010000000006
38,488.0,137.0,0.48006666000000003
39,946.0,203.0,0.45320659999999996
12,69.0,82.0,0.023425010000000003
34,267.0,90.0,0.09352089
40,436.0,128.0,0.22663679999999997
32,263.0,96.0,0.22103235999999996
32,246.0,96.0,0.09862187999999997
37,358.0,100.0,0.14316346000000002
26,162.0,82.0,0.12260166000000003
43,406.0,110.0,0.15042395000000003
40,393.0,118.0,0.13783135000000002
23,152.0,85.0,0.058766249999999964
