input,basicOps,recursionCount,time
0,0.0,82.0,26.994171659999996
1,5.93,82.0,22.743638760000003
2,12.14,82.0,23.632738560000004
3,18.76,82.0,24.35562599
4,24.74,82.0,26.66855895
5,30.59,82.0,16.26676993
6,36.64,82.04,18.619755640000005
7,42.99,82.07,17.723289449999996
8,49.22,82.07,24.565352500000014
9,55.37,82.13,21.42388293000001
10,61.67,82.29,17.027025410000004
11,67.91,82.4,21.97003894
12,74.34,82.46,20.503639020000005
13,81.13,82.54,28.38903180999999
14,87.26,82.55,19.134576589999998
15,94.08,82.79,18.343860010000004
16,100.97,83.12,21.270266180000004
17,107.94,83.3,20.64076163
18,116.51,84.16,20.084671560000007
19,124.16,84.5,17.129612780000006
20,132.31,85.19,18.635946270000005
21,140.99,85.77,19.253974329999995
22,150.53,86.46,13.204417029999997
23,164.2,88.24,13.2276684
24,177.0,89.57,16.562292760000002
25,188.98,90.88,19.590537839999996
26,203.78,92.66,21.86494645999999
27,223.98,96.0,15.375516759999998
28,248.59,100.03,20.849710750000003
29,263.89,101.65,18.763601279999996
30,295.08,106.91,19.508548629999993
31,314.84,109.23,17.340866820000002
32,337.85,111.97,17.304305649999993
33,374.13,117.19,23.309101799999993
34,406.5,121.41,16.912103130000002
35,451.61,127.8,21.618752410000003
36,519.64,137.66,20.473093589999998
37,645.11,159.62,18.964781860000002
38,767.99,178.53,24.480501060000005
39,912.79,201.36,16.052025219999994
40,1235.0,255.67,18.20457955
41,1568.98,306.26,19.343052939999996
42,2127.67,389.27,23.447913529999997
43,2853.03,502.36,20.986883080000013
44,5190.99,823.05,29.497865869999995
45,5655.34,923.39,28.054847910000007
46,7854.83,1238.43,33.734382029999985
47,11170.27,1706.69,39.639235119999995
48,19252.87,2862.33,66.32332171999998
49,23813.31,3567.79,69.86271021000002
50,32475.04,4742.62,79.74047267
51,48854.32,6943.18,127.99841693999998
52,54776.23,7656.55,142.16751535999995
53,79397.74,11019.15,193.65625177999993
54,98119.48,13716.34,224.41089699999998
55,92429.87,12657.38,219.67755927
56,104599.64,14104.84,225.12643535999996
57,112768.72,15099.91,236.37943817
58,85112.7,11155.87,217.92976233999994
59,76098.1,9778.46,220.49763639000005
60,71922.16,9211.04,187.92679650000002
61,79107.53,10646.03,176.64328869999994
62,63433.04,8244.45,155.14025461
63,66727.97,9337.91,145.82496849999998
64,64648.06,8545.1,127.73636838
65,65776.27,8479.42,119.99224692999998
66,50258.39,6385.92,111.40475813999994
67,31845.21,4110.58,74.77259023999999
68,27205.46,3252.09,87.14657099000001
69,26537.72,3221.82,85.05682616999998
