input,basicOps,recursionCount,time
0,0.0,257.0,114.75296889000006
1,9.55,257.0,79.54879901999996
2,18.34,257.0,123.06132985000002
3,28.84,257.0,120.09724693000003
4,39.32,257.0,115.85921199
5,49.34,257.0,97.04556398000001
6,58.78,257.0,119.77704605000001
7,68.25,257.0,133.83961527000002
8,77.74,257.03,129.19036950999995
9,87.52,257.03,111.882157
10,96.47,257.03,103.72440553
11,106.93,258.18,101.31498939000001
12,116.46,258.18,100.07875191
13,126.45,258.26,104.79423812999998
14,136.68,258.26,107.02485915999999
15,146.35,258.27,93.42415032000001
16,156.27,258.27,117.88812244000006
17,166.3,258.34,81.25618220000001
18,175.95,258.34,91.88797301000002
19,185.83,258.34,86.51803572000003
20,195.19,258.34,95.88140583
21,204.95,258.34,95.18918871999999
22,214.43,258.34,96.44483368999998
23,224.15,258.5,81.97105519999997
24,233.72,258.65,91.83433838
25,243.32,258.65,95.55372264999998
26,250.29,256.09,88.95130445999997
27,262.5,258.77,92.85962807999996
28,273.11,259.07,88.67784962000002
29,283.27,259.08,91.48058974
30,292.9,259.11,84.24583108
31,304.42,260.09,75.74264284000002
32,314.02,260.09,97.38590386999996
33,325.95,260.86,102.04709989000003
34,336.51,261.05,68.23597095999997
35,347.56,261.35,110.42482636000001
36,358.03,261.49,104.23044608000002
37,368.72,261.73,115.23918397999999
38,378.19,261.73,98.60310141999999
39,391.17,262.71,92.09504826999999
40,403.65,263.33,101.92084408999999
41,415.92,264.04,70.26255196999999
42,428.25,264.42,88.22964888000006
43,440.06,264.73,70.07994488
44,451.76,265.07,68.39611332
45,465.15,265.54,70.64350058
46,479.56,266.68,78.16874720999998
47,503.91,270.4,80.47588626999999
48,522.77,272.01,74.20614118
49,535.96,272.35,91.15737141999998
50,554.58,273.68,84.74680343
51,567.94,274.31,99.22272548
52,583.23,275.12,93.27127290000004
53,604.07,277.45,88.34745938
54,617.92,278.04,80.12583246000003
55,638.7,280.67,101.14232781000003
56,657.91,282.18,119.81388779000002
57,677.1,283.23,106.26429785000003
58,708.62,287.53,115.71306640000003
59,734.86,290.15,141.26251047000002
60,765.41,293.86,104.62820212000003
61,786.66,295.39,109.73742738000001
62,812.36,297.89,113.18663520000004
63,847.79,302.83,106.77456788999999
64,882.77,306.55,111.04594146
65,920.27,310.09,108.59442032999993
66,956.02,314.13,124.73474272999997
67,976.79,315.14,83.94035662999995
68,1023.04,322.02,100.72121371999998
69,1096.75,333.75,115.34596898000001
70,1199.62,347.97,102.72684944999999
71,1222.93,350.1,120.63190594
72,1282.46,357.22,106.35298486999996
73,1398.21,373.31,90.60233164000002
74,1484.85,385.96,118.09222295999996
75,1631.27,403.31,92.67079227
76,1803.49,424.01,138.46331493
77,1886.93,434.54,124.96648800999998
78,2017.49,451.99,119.30836825000002
79,2137.95,468.42,102.06066844000001
80,2232.95,481.38,122.53213363
81,2448.37,513.08,104.36251224999998
82,2550.95,523.47,121.63125504999998
83,2916.73,575.55,128.27721680000005
84,3325.26,631.73,127.62875982999998
85,3803.54,690.94,122.89918972999997
86,3987.15,714.72,117.54584982000006
87,4595.71,783.93,95.12355051
88,4863.17,814.8,128.46119570999997
89,5542.24,900.65,143.91294954
90,6629.89,1037.62,153.94597468999996
91,7209.46,1100.06,139.69430899
92,8421.22,1242.19,145.03752189
93,9629.66,1425.18,131.32399078000003
94,10418.47,1507.58,149.49342069000005
95,12333.25,1751.08,153.72099995
96,12988.9,1815.83,166.74253844999998
97,14863.11,2031.11,192.86371003
98,15165.6,2040.88,207.62554243000005
99,16565.14,2215.89,242.68210463000003
100,19463.34,2499.45,228.95404634000005
101,21827.41,2736.15,260.25890964
102,28119.08,3373.0,276.7601702000001
103,33484.79,3988.63,342.3124715800001
104,36329.0,4257.35,360.4643963999999
105,42422.31,4855.57,408.07561496999995
106,42870.07,4879.95,425.1918043500001
107,51198.44,5792.21,438.3355987400001
108,53806.33,6086.29,506.46514378999996
109,60458.37,6731.56,539.2950976600001
110,60863.29,6618.43,544.45037487
111,65120.18,7037.0,536.8319139800001
112,72756.14,7779.18,586.90353185
113,74707.99,8077.22,620.8177823500001
114,79402.27,8509.33,623.8183532899999
115,81692.2,8722.13,666.2446101199998
116,92393.37,9710.05,709.4934013699999
117,93490.44,9713.64,731.4508368899999
118,91545.85,9669.91,728.06681658
119,110508.15,11562.94,785.29134976
120,116089.56,12150.32,809.8992548299998
121,121155.06,12603.72,849.3122995299999
122,116494.49,12148.03,868.6298027299999
123,129059.93,13416.27,901.8304815800001
124,135320.65,13791.4,940.1938753600001
125,132993.73,13331.46,933.6749007399999
126,142587.2,14169.71,956.8828262900001
127,141843.36,14068.91,967.4936205399999
128,139992.63,13830.77,970.63052947
129,138888.96,13682.81,965.8006261899999
