input,basicOps,recursionCount,time
0,0.0,82.0,104.04475980300002
1,6.125,82.0,109.49399487099998
2,12.21,82.0,101.49546227099994
3,18.19,82.003,100.669171292
4,24.318,82.015,94.34314419399995
5,30.534,82.022,94.15787038100005
6,36.597,82.031,101.65416482899998
7,42.53,82.05,91.6497269490001
8,48.555,82.114,94.47288484999994
9,54.502,82.133,93.69703510499996
10,60.569,82.176,97.11375300200005
11,66.924,82.237,95.34861587099995
12,73.34,82.411,97.30945093899999
13,80.153,82.675,88.80019972900004
14,86.977,82.922,91.62347560399994
15,94.063,83.178,91.10486689999995
16,101.407,83.527,94.17262028100005
17,108.627,83.849,86.72259776599991
18,116.483,84.239,89.91418842599998
19,124.804,84.768,88.18817769399998
20,133.192,85.319,88.65577465899996
21,141.952,85.946,91.7909414140001
22,151.71,86.801,91.38964229799994
23,162.729,87.855,92.67914763000003
24,172.983,88.742,91.11417295199996
25,184.894,89.989,89.41609843500004
26,198.522,91.511,90.67739913499996
27,215.271,93.727,93.47693645299991
28,233.604,96.047,93.59657133599994
29,256.921,99.486,90.77597067500002
30,281.498,102.863,92.72396212499997
31,314.429,107.839,88.32534660499995
32,349.257,113.053,90.45272215300007
33,386.072,118.167,82.81806432099988
34,429.296,124.671,86.87625242300001
35,486.954,133.466,93.97580617199993
36,569.432,146.243,89.13480624899998
37,682.79,163.792,87.21414584400007
38,817.639,184.385,88.80927442699998
39,998.234,212.353,93.39746316000013
40,1265.893,254.959,96.03254150599994
41,1565.59,299.57,98.70093976399995
42,2009.64,366.219,97.51788287000007
43,2593.521,452.844,111.6628467570001
44,3376.596,567.614,103.49975429599998
45,4764.22,766.524,116.37449536900007
46,6879.615,1075.539,131.74283206600006
47,9691.385,1490.806,141.987145991
48,15069.173,2286.457,162.8433508439999
49,21917.781,3270.614,199.53333407599973
50,32701.869,4796.554,258.74772981200005
51,48617.715,6987.572,326.9142757679999
52,83055.671,11867.699,503.8969072530006
53,119112.66,16510.675,658.4734718189998
54,156417.094,21533.292,816.9999457060002
55,217336.826,29492.801,1059.5380924000003
56,260837.421,34811.664,1213.9171226520002
57,285705.04,38077.894,1283.1055292550004
58,331235.724,44112.266,1387.1549923479986
59,333939.32,44182.719,1387.4685351290007
60,333472.26,42981.305,1356.0981766170005
61,289159.459,36490.259,1339.5844299109997
62,301803.277,37698.762,1248.120293808
63,312328.514,38470.089,1322.9333168479993
64,233093.947,28961.508,1119.262703996
65,253006.189,30676.072,1074.8522217779996
66,300881.2,36741.264,1028.0764620570008
67,310912.574,37482.82,864.2158759630004
68,225304.192,26195.142,740.4361563999995
69,210517.186,24208.392,612.0425165679994
