input,basicOps,recursionCount,time
0,0.0,17.0,1.1486420999999998
1,3.56,17.0,1.1748676200000001
2,6.99,17.0,0.9821385100000005
3,10.61,17.03,2.1776472300000007
4,14.13,17.04,1.0311366600000003
5,17.66,17.11,0.81712628
6,21.65,17.21,1.1273834000000003
7,26.15,17.46,1.0017378799999999
8,30.21,17.63,1.4209582500000002
9,35.37,18.08,1.23835458
10,42.13,18.78,0.40263262
11,48.86,19.54,2.217506899999999
12,59.89,21.17,1.1399558500000002
13,58.83,20.03,1.1867404700000008
14,58.84,19.13,1.2679759700000002
