input,basicOps,recursionCount,time
0,0.0,17.0,0.12648161900000005
1,3.431,17.0,0.09982101399999999
2,6.883,17.0,0.10496345199999992
3,10.38,17.01,0.08618520399999997
4,14.018,17.052,0.08307414600000004
5,17.798,17.138,0.0900212559999999
6,21.769,17.283,0.10071968199999984
7,26.002,17.495,0.07950702199999996
8,30.616,17.78,0.0928592689999999
9,36.356,18.351,0.0927246129999999
10,42.871,19.04,0.08777926499999995
11,49.752,19.8,0.09142378600000002
12,57.382,20.65,0.08836423700000003
13,60.285,20.333,0.09828763399999997
14,59.586,19.288,0.10652447199999994
