,input,basicOps,recursionCount,time
0,0,0.0,17.0,1.29914446
1,1,2.0,17.0,0.7796007300000002
2,2,5.0,17.0,1.41851636
3,3,9.0,17.0,1.0224283100000005
4,4,14.0,17.0,1.2374702799999993
5,5,18.0,17.0,0.4729068499999999
6,6,23.0,17.0,1.0031025
7,7,25.0,17.0,1.4432104199999995
8,8,28.0,17.0,0.34113822999999993
9,9,31.0,17.0,1.1494890900000003
10,10,33.0,17.0,1.05770414
11,11,38.0,17.0,0.89791475
12,12,42.0,17.0,0.9179567700000002
13,13,47.0,17.0,1.0565758599999995
14,14,51.0,17.0,0.7358914200000002
15,15,54.0,17.0,0.5076197
