,input,basicOps,recursionCount,time
0,0,0.0,82.0,0.08420023299999994
1,1,3.0,82.0,0.09058153200000015
2,2,8.0,82.0,0.07356592199999999
3,3,15.0,82.0,0.07625364599999998
4,4,17.0,82.0,0.07975962499999983
5,5,21.0,82.0,0.06719836099999993
6,6,27.0,82.0,0.07925799599999997
7,7,36.0,82.0,0.07691575399999992
8,8,44.0,82.0,0.08268362299999998
9,9,54.0,82.0,0.07991378500000006
10,10,56.0,82.0,0.07423327100000005
11,11,60.0,82.0,0.08225718466666679
12,12,78.0,85.0,0.09260667500000008
13,13,88.0,85.0,0.08806827999999994
14,14,91.0,85.0,0.09487348199999995
15,15,96.0,85.0,0.10302606099999989
16,16,103.0,85.0,0.10223273299999987
17,17,112.0,85.0,0.10280257799999999
18,18,120.0,85.0,0.10997484599999995
19,19,130.0,85.0,0.12263223299999981
20,20,133.0,85.0,0.12028580900000005
21,21,138.0,85.0,0.12492017099999995
22,22,145.0,85.0,0.12831455400000003
23,23,147.0,85.0,0.13174430699999992
24,24,151.0,85.0,0.13317595400000004
25,25,157.0,85.0,0.13821678799999987
26,26,163.0,85.0,0.14572958799999997
27,27,170.0,85.0,0.15018381
28,28,174.0,85.0,0.16660127799999996
29,29,179.0,85.0,0.15153227299999983
30,30,181.0,85.0,0.15587874599999993
31,31,184.0,85.0,0.15327621099999988
32,32,192.0,85.0,0.1629670430000002
33,33,212.0,86.0,0.162277262
34,34,221.0,86.0,0.16495503200000014
35,35,223.0,86.0,0.165060635
36,36,241.0,88.0,0.17390255349999983
37,37,250.0,88.0,0.18293071800000002
38,38,256.0,88.0,0.17887682700000007
39,39,263.0,88.0,0.18211616400000016
40,40,267.0,88.0,0.19292917399999998
41,41,277.0,88.0,0.19656083200000005
42,42,286.0,88.0,0.2153230040000004
43,43,292.0,88.0,0.20470544099999974
44,44,299.0,88.0,0.2060129639999999
45,45,303.0,88.0,0.20295851699999984
46,46,308.0,88.0,0.216387254
47,47,310.0,88.0,0.21061273799999986
48,48,313.0,88.0,0.21373181099999988
49,49,320.0,88.0,0.21778103700000012
50,50,326.0,88.0,0.22532024199999987
51,51,331.0,88.0,0.22480345799999998
52,52,335.0,88.0,0.22958975800000003
53,53,338.0,88.0,0.23275077799999985
54,54,340.0,88.0,0.23803296399999985
55,55,350.0,88.0,0.24437464299999986
56,56,359.0,88.0,0.25128326900000003
57,57,367.0,88.0,0.2602222940000004
58,58,371.0,88.0,0.2408881710000001
59,59,374.0,88.0,0.2399303579999999
60,60,376.0,88.0,0.24557101299999962
61,61,383.0,88.0,0.2418036089999996
62,62,389.0,88.0,0.24485432900000015
63,63,394.0,88.0,0.24681730299999982
64,64,404.0,88.0,0.2591664599999998
65,65,413.0,88.0,0.2618527260000002
66,66,421.0,88.0,0.2739560890000002
67,67,428.0,88.0,0.269882206
68,68,434.0,88.0,0.2758107459999999
69,69,439.0,88.0,0.2721774039999997
70,70,443.0,88.0,0.2856179700000001
71,71,446.0,88.0,0.28292636699999996
