,input,basicOps,recursionCount,time
0,0,0.0,17.0,0.06756320200000002
1,1,2.0,17.0,0.06587245900000008
2,2,5.0,17.0,0.07741442700000005
3,3,9.0,17.0,0.06966743400000011
4,4,14.0,17.0,0.05879062400000007
5,5,18.0,17.0,0.05545247399999999
6,6,23.0,17.0,0.06001477399999989
7,7,25.0,17.0,0.059223742999999975
8,8,28.0,17.0,0.05698432900000003
9,9,31.0,17.0,0.05750395099999996
10,10,33.0,17.0,0.056839378000000065
11,11,38.0,17.0,0.06115347300000001
12,12,42.0,17.0,0.06565855800000013
13,13,47.0,17.0,0.063684303
14,14,51.0,17.0,0.07316676800000002
15,15,54.0,17.0,0.06184589399999999
