,input,basicOps,recursionCount,time
0,0,0.0,82.0,1.35760215
1,1,3.0,82.0,1.0287099599999998
2,2,8.0,82.0,0.9678975700000008
3,3,15.0,82.0,1.2074132100000006
4,4,17.0,82.0,1.7650430199999994
5,5,21.0,82.0,1.2475853399999994
6,6,27.0,82.0,0.7443916299999999
7,7,36.0,82.0,1.2605067800000005
8,8,44.0,82.0,1.7977618100000008
9,9,54.0,82.0,1.1061951300000008
10,10,56.0,82.0,1.4399743100000002
11,11,60.0,82.0,1.224818733333333
12,12,78.0,85.0,0.9694984900000008
13,13,88.0,85.0,1.4709421600000006
14,14,91.0,85.0,1.4030670199999995
15,15,96.0,85.0,0.97808342
16,16,103.0,85.0,0.8292164099999999
17,17,112.0,85.0,1.2294665999999994
18,18,120.0,85.0,1.06919198
19,19,130.0,85.0,0.8919692099999997
20,20,133.0,85.0,0.9320558400000001
21,21,138.0,85.0,0.5044451900000002
22,22,145.0,85.0,0.9115593900000003
23,23,147.0,85.0,1.8384346299999996
24,24,151.0,85.0,1.0660761899999995
25,25,157.0,85.0,1.9313848600000005
26,26,163.0,85.0,1.7094346799999995
27,27,170.0,85.0,0.7555943999999998
28,28,174.0,85.0,1.5576857800000001
29,29,179.0,85.0,1.6428295299999998
30,30,181.0,85.0,1.6402251199999998
31,31,184.0,85.0,1.3573011300000004
32,32,192.0,85.0,1.3749212
33,33,212.0,86.0,1.2494749799999991
34,34,221.0,86.0,1.2748419249999996
35,35,223.0,86.0,0.9461731349999993
36,36,241.0,88.0,1.2372986200000007
37,37,250.0,88.0,1.2879958799999993
38,38,256.0,88.0,1.799798279999999
39,39,263.0,88.0,1.29344184
40,40,267.0,88.0,1.232225065
41,41,277.0,88.0,1.830850279999999
42,42,286.0,88.0,2.144798569999999
43,43,292.0,88.0,1.7867495799999995
44,44,299.0,88.0,2.0915199199999996
45,45,303.0,88.0,1.7720781400000005
46,46,308.0,88.0,1.7414209100000002
47,47,310.0,88.0,1.8337831700000002
48,48,313.0,88.0,1.8162724999999997
49,49,320.0,88.0,1.0841992800000004
50,50,326.0,88.0,0.7142386600000004
51,51,331.0,88.0,1.92429588
52,52,335.0,88.0,1.39264798
53,53,338.0,88.0,2.0686895499999998
54,54,340.0,88.0,1.6433533099999995
55,55,350.0,88.0,2.169529060000001
56,56,359.0,88.0,1.1961978800000002
57,57,367.0,88.0,2.627241710000001
58,58,371.0,88.0,1.7529018400000003
59,59,374.0,88.0,2.1646773
60,60,376.0,88.0,2.455432605000002
61,61,383.0,88.0,1.62032356
62,62,389.0,88.0,2.292442570000001
63,63,394.0,88.0,1.5718959499999998
64,64,404.0,88.0,2.063668240000001
65,65,413.0,88.0,1.95269726
66,66,421.0,88.0,1.5855803000000004
67,67,428.0,88.0,1.8593950099999987
68,68,434.0,88.0,1.91747498
69,69,439.0,88.0,1.9542241599999997
70,70,443.0,88.0,2.062449140000001
71,71,446.0,88.0,1.4447944799999999
