,input,basicOps,recursionCount,time
0,0,0.0,257.0,2.023953109999999
1,1,2.0,257.0,1.9692092999999993
2,2,5.0,257.0,1.2603507299999999
3,3,9.0,257.0,2.3880195100000003
4,4,14.0,257.0,1.73486005
5,5,20.0,257.0,2.22653656
6,6,27.0,257.0,1.6643726100000005
7,7,35.0,257.0,1.43905926
8,8,44.0,257.0,1.694366640000001
9,9,54.0,257.0,1.0767614400000005
10,10,65.0,257.0,1.9830658299999995
11,11,77.0,257.0,1.6932971399999999
12,12,90.0,257.0,1.98616374
13,13,104.0,257.0,1.4791641100000006
14,14,119.0,257.0,0.7160654200000001
15,15,135.0,257.0,1.5260819800000005
16,16,152.0,257.0,1.7274334299999994
17,17,158.0,257.0,1.0284993599999996
18,18,165.0,257.0,2.5190243499999982
19,19,173.0,257.0,2.5587137600000007
20,20,182.0,257.0,1.9810497200000008
21,21,184.0,257.0,1.9303722900000007
22,22,187.0,257.0,1.23040472
23,23,191.0,257.0,1.926039190000001
24,24,196.0,257.0,1.41382917
25,25,210.0,257.0,2.8646144300000005
26,26,225.0,257.0,1.5376842600000002
27,27,241.0,257.0,2.4458386
28,28,258.0,257.0,2.7090305599999986
29,29,268.0,257.0,2.9892246100000004
30,30,279.0,257.0,3.33247225
31,31,291.0,257.0,2.268043410000001
32,32,304.0,257.0,2.8333656700000005
33,33,314.0,257.0,3.425980830000001
34,34,325.0,257.0,2.393748060000001
35,35,337.0,257.0,3.4686438299999995
36,36,350.0,257.0,4.03344104
37,37,364.0,257.0,3.1628944600000004
38,38,379.0,257.0,2.766366969999999
39,39,395.0,257.0,2.85713564
40,40,412.0,257.0,3.2622952699999983
41,41,414.0,257.0,3.69942217
42,42,417.0,257.0,3.320607150000001
43,43,421.0,257.0,3.643911520000001
44,44,426.0,257.0,3.6482199200000007
45,45,432.0,257.0,3.4399007900000016
46,46,439.0,257.0,2.6393429100000008
47,47,447.0,257.0,3.4774299600000007
48,48,456.0,257.0,3.13237355
49,49,470.0,257.0,4.070189259999999
50,50,485.0,257.0,2.536560419999999
51,51,501.0,257.0,3.590672139999999
52,52,518.0,257.0,3.2393962700000016
53,53,528.0,257.0,3.20788598
54,54,539.0,257.0,4.360199350000001
55,55,551.0,257.0,3.6302080599999997
56,56,564.0,257.0,4.17081071
57,57,570.0,257.0,3.7241207500000013
58,58,577.0,257.0,3.849453050000002
59,59,585.0,257.0,3.3122865499999996
60,60,594.0,257.0,3.5214724399999997
61,61,596.0,257.0,4.943997829999999
62,62,599.0,257.0,3.40132706
63,63,603.0,257.0,4.103908249999999
64,64,608.0,257.0,5.085289829999999
65,65,611.0,257.0,4.4196316499999995
66,66,613.0,257.0,5.863861889999998
67,67,618.0,257.0,4.057322309999998
68,68,622.0,257.0,4.204306470000001
69,69,629.0,257.0,3.927675259999999
70,70,635.0,257.0,5.16192615
71,71,644.0,257.0,5.096646789999998
72,72,652.0,257.0,3.5595393900000016
73,73,663.0,257.0,3.496383420000001
74,74,673.0,257.0,3.5308602699999985
75,75,686.0,257.0,4.626837300000002
76,76,698.0,257.0,4.937218410000001
77,77,713.0,257.0,4.476435229999999
78,78,727.0,257.0,4.982605179999998
79,79,744.0,257.0,3.8288206000000002
80,80,760.0,257.0,4.722142559999999
81,81,767.0,257.0,4.805184989999999
82,82,773.0,257.0,3.6389094999999987
83,83,782.0,257.0,4.5091348500000015
84,84,790.0,257.0,3.959559270000002
85,85,793.0,257.0,4.53619374
86,86,795.0,257.0,5.66912368
87,87,800.0,257.0,4.397172559999999
88,88,804.0,257.0,3.784010870000001
89,89,819.0,257.0,4.492734099999999
90,90,833.0,257.0,4.5794486899999995
91,91,850.0,257.0,4.8091921100000015
92,92,866.0,257.0,6.21551287
93,93,877.0,257.0,4.520476060000002
94,94,887.0,257.0,4.648035350000001
95,95,900.0,257.0,4.19455553
96,96,912.0,257.0,4.640180119999999
97,97,923.0,257.0,5.234192569999999
98,98,933.0,257.0,5.681864389999998
99,99,946.0,257.0,6.080857190000001
100,100,958.0,257.0,4.5220565499999985
101,101,973.0,257.0,3.990101719999999
102,102,987.0,257.0,4.512225609999998
103,103,1004.0,257.0,4.8729933
104,104,1020.0,257.0,4.4408044
105,105,1023.0,257.0,5.811779320000001
106,106,1025.0,257.0,5.8114296
107,107,1030.0,257.0,5.774321430000003
108,108,1034.0,257.0,5.250809500000001
109,109,1041.0,257.0,6.032531289999997
110,110,1047.0,257.0,5.765598580000001
111,111,1056.0,257.0,5.737105270000001
112,112,1064.0,257.0,4.484032220000001
113,113,1079.0,257.0,6.8909002699999995
114,114,1093.0,257.0,4.9470740499999994
115,115,1110.0,257.0,4.474387999999999
116,116,1126.0,257.0,4.645799049999997
117,117,1137.0,257.0,7.119374949999999
118,118,1147.0,257.0,5.90056872
119,119,1160.0,257.0,5.336872729999999
120,120,1172.0,257.0,5.992993460000004
121,121,1179.0,257.0,5.8260036
122,122,1185.0,257.0,5.95770292
123,123,1194.0,257.0,6.2583436899999985
124,124,1202.0,257.0,5.613095420000001
125,125,1205.0,257.0,6.121349550000001
126,126,1207.0,257.0,5.961748179999999
127,127,1212.0,257.0,6.432108789999999
128,128,1216.0,257.0,4.877721139999999
129,129,1220.0,257.0,6.3882463000000005
130,130,1225.0,257.0,5.589419360000002
131,131,1227.0,257.0,6.81345043
132,132,1230.0,257.0,6.667301420000001
133,133,1238.0,257.0,6.964176440000003
134,134,1247.0,257.0,5.265137320000001
135,135,1253.0,257.0,5.762998659999997
136,136,1260.0,257.0,7.20383255
137,137,1272.0,257.0,6.326289019999999
138,138,1285.0,257.0,6.717934810000001
139,139,1295.0,257.0,7.56642598
140,140,1306.0,257.0,7.102025359999999
141,141,1322.0,257.0,7.642312109999999
142,142,1339.0,257.0,5.82383451
143,143,1353.0,257.0,6.816767650000002
144,144,1368.0,257.0,6.581462819999999
145,145,1376.0,257.0,6.803016729999999
146,146,1385.0,257.0,6.655117649999999
147,147,1391.0,257.0,6.914633649999999
148,148,1398.0,257.0,8.023063709999999
149,149,1402.0,257.0,6.485929459999999
150,150,1407.0,257.0,7.20926383
151,151,1409.0,257.0,6.21251636
152,152,1412.0,257.0,6.98074911
153,153,1428.0,257.0,5.192326770000001
154,154,1445.0,257.0,6.944326120000003
155,155,1459.0,257.0,6.139185589999999
156,156,1474.0,257.0,6.49161248
157,157,1486.0,257.0,7.095078319999995
158,158,1499.0,257.0,6.40502693
159,159,1509.0,257.0,5.644835799999999
160,160,1520.0,257.0,6.03332424
161,161,1532.0,257.0,6.366430939999997
162,162,1545.0,257.0,7.112332189999999
163,163,1555.0,257.0,6.360644790000002
164,164,1566.0,257.0,6.408092739999996
165,165,1582.0,257.0,6.029336640000001
166,166,1599.0,257.0,7.640520249999997
167,167,1613.0,257.0,7.378045939999996
168,168,1628.0,257.0,6.5583331499999975
169,169,1632.0,257.0,6.409925040000001
170,170,1637.0,257.0,7.7161706200000015
171,171,1639.0,257.0,6.894269310000002
172,172,1642.0,257.0,8.62004305
173,173,1650.0,257.0,7.04056261
174,174,1659.0,257.0,6.26470195
175,175,1665.0,257.0,6.854684800000001
176,176,1672.0,257.0,8.071781560000002
177,177,1688.0,257.0,6.2705252599999985
178,178,1705.0,257.0,7.400077460000002
179,179,1719.0,257.0,7.547914809999999
180,180,1734.0,257.0,8.212771110000002
181,181,1746.0,257.0,9.460392620000002
182,182,1759.0,257.0,8.917718650000001
183,183,1769.0,257.0,7.533447689999998
184,184,1780.0,257.0,8.036184269999996
185,185,1788.0,257.0,6.437774320000002
186,186,1797.0,257.0,9.01737688
187,187,1803.0,257.0,8.168040499999998
188,188,1810.0,257.0,7.1463073300000035
189,189,1814.0,257.0,7.9641675099999985
190,190,1819.0,257.0,7.184527239999996
191,191,1821.0,257.0,8.442923300000004
192,192,1824.0,257.0,7.928447190000001
193,193,1829.0,257.0,6.662975110000003
194,194,1833.0,257.0,5.53689228
195,195,1836.0,257.0,7.411438509999999
196,196,1838.0,257.0,7.254809440000001
197,197,1847.0,257.0,5.841732820000001
198,198,1855.0,257.0,6.464623999999998
199,199,1862.0,257.0,8.68704682
200,200,1868.0,257.0,7.2340133699999996
201,201,1881.0,257.0,7.454342559999999
202,202,1893.0,257.0,8.140334990000001
203,203,1904.0,257.0,9.253862319999996
204,204,1914.0,257.0,9.03757989
205,205,1931.0,257.0,7.751766269999999
206,206,1947.0,257.0,6.951214299999999
207,207,1962.0,257.0,7.622455229999999
208,208,1976.0,257.0,6.788369630000001
209,209,1985.0,257.0,6.594073620000001
210,210,1993.0,257.0,7.1727701800000006
211,211,2000.0,257.0,7.057607649999999
212,212,2006.0,257.0,6.695998130000003
213,213,2011.0,257.0,8.787035809999999
214,214,2015.0,257.0,6.401125349999997
215,215,2018.0,257.0,6.706748920000001
216,216,2020.0,257.0,9.015148760000002
217,217,2037.0,257.0,9.256794960000002
218,218,2053.0,257.0,6.513491020000001
219,219,2068.0,257.0,7.022867669999999
220,220,2082.0,257.0,7.385213759999999
221,221,2095.0,257.0,6.921338499999997
222,222,2107.0,257.0,7.084699649999999
223,223,2118.0,257.0,6.82731498
224,224,2128.0,257.0,8.674810349999998
225,225,2141.0,257.0,8.166013390000002
226,226,2153.0,257.0,7.1527178600000045
227,227,2164.0,257.0,8.516510069999999
228,228,2174.0,257.0,9.019719810000002
229,229,2191.0,257.0,7.127564270000002
230,230,2207.0,257.0,7.79835367
231,231,2222.0,257.0,8.730479760000001
232,232,2236.0,257.0,7.8423356500000025
233,233,2241.0,257.0,9.07068263
234,234,2245.0,257.0,7.678521350000001
235,235,2248.0,257.0,8.009962260000004
236,236,2250.0,257.0,9.16029296
237,237,2259.0,257.0,9.260387900000005
238,238,2267.0,257.0,9.161800770000001
239,239,2274.0,257.0,8.950665589999998
240,240,2280.0,257.0,7.5221210700000025
241,241,2297.0,257.0,9.443922450000002
242,242,2313.0,257.0,9.59406022
243,243,2328.0,257.0,8.068199669999998
244,244,2342.0,257.0,7.613011560000004
245,245,2355.0,257.0,8.21847187
246,246,2367.0,257.0,9.07573127
247,247,2378.0,257.0,7.387233389999999
248,248,2388.0,257.0,9.8420668
249,249,2397.0,257.0,8.26861662
250,250,2405.0,257.0,8.51553797
251,251,2412.0,257.0,7.848970390000001
252,252,2418.0,257.0,7.801791569999997
253,253,2423.0,257.0,8.091523689999999
254,254,2427.0,257.0,8.694501569999996
255,255,2430.0,257.0,8.13547345
