,input,basicOps,recursionCount,time
0,0,0.0,257.0,0.799393179000001
1,1,2.0,257.0,0.5853955829999999
2,2,5.0,257.0,0.802649651999999
3,3,9.0,257.0,0.8073883940000004
4,4,14.0,257.0,0.6938384870000005
5,5,20.0,257.0,0.5738419410000002
6,6,27.0,257.0,0.7207500890000001
7,7,35.0,257.0,0.7655725199999996
8,8,44.0,257.0,0.7388752659999999
9,9,54.0,257.0,0.664527847
10,10,65.0,257.0,0.7810704880000001
11,11,77.0,257.0,0.5975184249999999
12,12,90.0,257.0,0.631927981
13,13,104.0,257.0,0.5360262079999999
14,14,119.0,257.0,0.706342969
15,15,135.0,257.0,0.7136566849999995
16,16,152.0,257.0,0.7550860359999999
17,17,158.0,257.0,0.6022815049999998
18,18,165.0,257.0,0.6712933050000003
19,19,173.0,257.0,0.8122406090000002
20,20,182.0,257.0,0.931677554
21,21,184.0,257.0,0.7355132549999993
22,22,187.0,257.0,0.822163551
23,23,191.0,257.0,0.8425042610000004
24,24,196.0,257.0,0.8943859319999997
25,25,210.0,257.0,0.9786645949999996
26,26,225.0,257.0,0.9423405920000008
27,27,241.0,257.0,0.9597866519999997
28,28,258.0,257.0,1.0608526040000001
29,29,268.0,257.0,0.8582468630000005
30,30,279.0,257.0,0.9481069869999996
31,31,291.0,257.0,0.9851885399999992
32,32,304.0,257.0,1.1055044459999996
33,33,314.0,257.0,1.14022414
34,34,325.0,257.0,1.1991779589999993
35,35,337.0,257.0,1.3180341519999974
36,36,350.0,257.0,1.287788455000001
37,37,364.0,257.0,1.2960902649999995
38,38,379.0,257.0,1.3196917909999994
39,39,395.0,257.0,1.4412514590000005
40,40,412.0,257.0,1.3690079099999979
41,41,414.0,257.0,1.4290899189999995
42,42,417.0,257.0,1.4565505069999998
43,43,421.0,257.0,1.6140251070000007
44,44,426.0,257.0,1.4635013789999995
45,45,432.0,257.0,1.525375377
46,46,439.0,257.0,1.5897740629999988
47,47,447.0,257.0,1.6089353440000003
48,48,456.0,257.0,1.4277576340000007
49,49,470.0,257.0,1.5740550729999994
50,50,485.0,257.0,1.4329657750000004
51,51,501.0,257.0,1.5516497959999995
52,52,518.0,257.0,1.5594584940000007
53,53,528.0,257.0,1.6654867249999992
54,54,539.0,257.0,1.8465936630000022
55,55,551.0,257.0,1.5849022529999977
56,56,564.0,257.0,1.7464794969999995
57,57,570.0,257.0,1.8395318050000007
58,58,577.0,257.0,1.8576761099999994
59,59,585.0,257.0,1.767744732999999
60,60,594.0,257.0,1.8122230709999987
61,61,596.0,257.0,1.8675204069999995
62,62,599.0,257.0,1.7146939920000004
63,63,603.0,257.0,1.710711501
64,64,608.0,257.0,1.953386841
65,65,611.0,257.0,1.796389479
66,66,613.0,257.0,1.8970552240000018
67,67,618.0,257.0,2.0430165720000013
68,68,622.0,257.0,1.8812242840000022
69,69,629.0,257.0,1.9495433209999984
70,70,635.0,257.0,2.1324506420000002
71,71,644.0,257.0,2.134898198000003
72,72,652.0,257.0,1.972818192
73,73,663.0,257.0,2.020512155999996
74,74,673.0,257.0,1.953346002
75,75,686.0,257.0,1.9786715
76,76,698.0,257.0,1.956956752000001
77,77,713.0,257.0,1.900782520000003
78,78,727.0,257.0,2.0055647669999983
79,79,744.0,257.0,2.095043465
80,80,760.0,257.0,2.1385025659999997
81,81,767.0,257.0,2.0074665599999966
82,82,773.0,257.0,2.1885849790000007
83,83,782.0,257.0,2.0710724900000015
84,84,790.0,257.0,2.166514604
85,85,793.0,257.0,2.219333375000001
86,86,795.0,257.0,2.339413293
87,87,800.0,257.0,2.4183958359999993
88,88,804.0,257.0,2.145068167
89,89,819.0,257.0,2.099628316
90,90,833.0,257.0,2.1670624909999976
91,91,850.0,257.0,2.0539321370000034
92,92,866.0,257.0,2.2243102150000014
93,93,877.0,257.0,2.406948518
94,94,887.0,257.0,2.171519052999999
95,95,900.0,257.0,2.0400648419999983
96,96,912.0,257.0,2.264093154999998
97,97,923.0,257.0,2.3499003619999987
98,98,933.0,257.0,2.062807627000001
99,99,946.0,257.0,2.140020133999999
100,100,958.0,257.0,2.349455499999999
101,101,973.0,257.0,2.1891911419999985
102,102,987.0,257.0,2.3572071640000027
103,103,1004.0,257.0,2.586025874
104,104,1020.0,257.0,2.334303742000002
105,105,1023.0,257.0,2.335323363999999
106,106,1025.0,257.0,2.3993972989999977
107,107,1030.0,257.0,2.485160885999997
108,108,1034.0,257.0,2.4339425580000005
109,109,1041.0,257.0,2.266014325999998
110,110,1047.0,257.0,2.359384634999998
111,111,1056.0,257.0,2.4701091279999985
112,112,1064.0,257.0,2.456271876000001
113,113,1079.0,257.0,2.4132064860000018
114,114,1093.0,257.0,2.4477199429999996
115,115,1110.0,257.0,2.695785188999999
116,116,1126.0,257.0,2.6387725119999983
117,117,1137.0,257.0,2.710510773000002
118,118,1147.0,257.0,2.688460525000001
119,119,1160.0,257.0,2.7251509450000007
120,120,1172.0,257.0,2.3999271169999976
121,121,1179.0,257.0,2.6614248130000013
122,122,1185.0,257.0,2.647104446000002
123,123,1194.0,257.0,2.8814026149999976
124,124,1202.0,257.0,2.7775132810000054
125,125,1205.0,257.0,2.8403094780000004
126,126,1207.0,257.0,2.823283888999997
127,127,1212.0,257.0,2.5415985420000005
128,128,1216.0,257.0,2.5915410040000006
129,129,1220.0,257.0,2.775759562
130,130,1225.0,257.0,2.6235971439999983
131,131,1227.0,257.0,2.8401675019999972
132,132,1230.0,257.0,2.586317100999997
133,133,1238.0,257.0,3.050851332000004
134,134,1247.0,257.0,2.7582425409999987
135,135,1253.0,257.0,2.836483994000005
136,136,1260.0,257.0,2.564897986000003
137,137,1272.0,257.0,2.8881111409999987
138,138,1285.0,257.0,2.8991417619999993
139,139,1295.0,257.0,3.1755937720000005
140,140,1306.0,257.0,3.023867059000001
141,141,1322.0,257.0,3.1525980570000023
142,142,1339.0,257.0,2.890587214000004
143,143,1353.0,257.0,2.892334474
144,144,1368.0,257.0,3.143641588999997
145,145,1376.0,257.0,3.0770597080000037
146,146,1385.0,257.0,2.9696003929999994
147,147,1391.0,257.0,3.1467900940000004
148,148,1398.0,257.0,3.304889846999999
149,149,1402.0,257.0,2.909460284000003
150,150,1407.0,257.0,2.980875400999995
151,151,1409.0,257.0,2.8448004979999957
152,152,1412.0,257.0,2.963034817000001
153,153,1428.0,257.0,3.1137678850000023
154,154,1445.0,257.0,3.0088161270000002
155,155,1459.0,257.0,3.1321964720000035
156,156,1474.0,257.0,2.957564317000003
157,157,1486.0,257.0,3.432079108000004
158,158,1499.0,257.0,3.0780661020000037
159,159,1509.0,257.0,3.024927341999999
160,160,1520.0,257.0,3.0627057800000035
161,161,1532.0,257.0,3.188438024999999
162,162,1545.0,257.0,3.1865379980000053
163,163,1555.0,257.0,3.202251718000001
164,164,1566.0,257.0,3.2421430140000043
165,165,1582.0,257.0,3.3603273490000003
166,166,1599.0,257.0,3.1011972869999966
167,167,1613.0,257.0,3.2448738509999964
168,168,1628.0,257.0,3.2882479699999987
169,169,1632.0,257.0,3.3157927319999967
170,170,1637.0,257.0,3.134702453000001
171,171,1639.0,257.0,3.4862594849999984
172,172,1642.0,257.0,3.116095530000005
173,173,1650.0,257.0,3.580245049
174,174,1659.0,257.0,3.286402995999997
175,175,1665.0,257.0,3.5178422370000035
176,176,1672.0,257.0,3.3704997000000043
177,177,1688.0,257.0,3.3394028180000013
178,178,1705.0,257.0,3.1871239289999957
179,179,1719.0,257.0,3.395007164
180,180,1734.0,257.0,3.387957419
181,181,1746.0,257.0,3.4887692009999998
182,182,1759.0,257.0,3.4113981370000013
183,183,1769.0,257.0,3.322435719999997
184,184,1780.0,257.0,3.5526332049999994
185,185,1788.0,257.0,3.3718105020000007
186,186,1797.0,257.0,3.5799032099999972
187,187,1803.0,257.0,3.4130891049999996
188,188,1810.0,257.0,3.4685934000000023
189,189,1814.0,257.0,3.731524852999998
190,190,1819.0,257.0,3.4552609830000023
191,191,1821.0,257.0,3.585704208000002
192,192,1824.0,257.0,3.6875123819999978
193,193,1829.0,257.0,3.4513794190000002
194,194,1833.0,257.0,3.6420495149999974
195,195,1836.0,257.0,3.592811725000002
196,196,1838.0,257.0,3.345583470000002
197,197,1847.0,257.0,3.4973444979999995
198,198,1855.0,257.0,3.6771055649999953
199,199,1862.0,257.0,3.681726923999999
200,200,1868.0,257.0,3.519655722000001
201,201,1881.0,257.0,3.523492478000001
202,202,1893.0,257.0,3.696982077
203,203,1904.0,257.0,3.557847797999999
204,204,1914.0,257.0,3.860547641000003
205,205,1931.0,257.0,3.572101216999997
206,206,1947.0,257.0,3.8312085750000002
207,207,1962.0,257.0,3.304151064000003
208,208,1976.0,257.0,3.375645199000001
209,209,1985.0,257.0,3.631593757
210,210,1993.0,257.0,3.532575497999995
211,211,2000.0,257.0,3.371247647000002
212,212,2006.0,257.0,3.526201969000004
213,213,2011.0,257.0,3.472757214999999
214,214,2015.0,257.0,3.7348326460000063
215,215,2018.0,257.0,3.589818570999999
216,216,2020.0,257.0,3.4816064899999994
217,217,2037.0,257.0,3.701817206999996
218,218,2053.0,257.0,3.743811357000002
219,219,2068.0,257.0,3.624716263999998
220,220,2082.0,257.0,3.650728681000003
221,221,2095.0,257.0,3.466050233000006
222,222,2107.0,257.0,3.6984074059999976
223,223,2118.0,257.0,3.932807155
224,224,2128.0,257.0,3.626149332000001
225,225,2141.0,257.0,3.730390895999996
226,226,2153.0,257.0,3.588644235000003
227,227,2164.0,257.0,3.563570171999999
228,228,2174.0,257.0,3.5188095239999972
229,229,2191.0,257.0,3.840344956
230,230,2207.0,257.0,3.7935247889999992
231,231,2222.0,257.0,3.9853640890000026
232,232,2236.0,257.0,3.9039887619999982
233,233,2241.0,257.0,3.736051377999998
234,234,2245.0,257.0,3.5695668979999984
235,235,2248.0,257.0,3.6231986710000004
236,236,2250.0,257.0,3.8108574490000002
237,237,2259.0,257.0,3.889267745
238,238,2267.0,257.0,3.701568591999997
239,239,2274.0,257.0,3.8549382599999973
240,240,2280.0,257.0,3.7790803509999997
241,241,2297.0,257.0,3.953478615999997
242,242,2313.0,257.0,3.915737337999997
243,243,2328.0,257.0,3.659969844000002
244,244,2342.0,257.0,3.9335144589999933
245,245,2355.0,257.0,3.947464967000001
246,246,2367.0,257.0,3.906909905000001
247,247,2378.0,257.0,4.061862481999997
248,248,2388.0,257.0,3.913882499999999
249,249,2397.0,257.0,4.072911369000002
250,250,2405.0,257.0,4.156059200000003
251,251,2412.0,257.0,4.091185393999997
252,252,2418.0,257.0,3.787021454000003
253,253,2423.0,257.0,3.990267353
254,254,2427.0,257.0,3.9600436040000013
255,255,2430.0,257.0,4.000775496999994
