,input,basicOps,recursionCount,time
0,34,649.0,171.0,2.1610432400000015
1,43,893.0,177.0,2.8449178799999952
2,32,264.0,106.0,1.0271332400000004
3,43,1574.0,300.0,5.72440049
4,38,1045.0,254.0,3.2188453799999976
5,43,736.0,191.0,2.5665161600000004
6,47,548.0,119.0,1.786735729999998
7,37,251.0,88.0,0.9942110399999993
8,46,4835.0,919.0,15.86399665000002
9,36,473.0,133.0,1.5095196500000005
10,24,157.0,82.0,0.5339498799999999
11,39,331.0,97.0,1.1836151799999992
12,36,258.0,88.0,0.9800585000000002
13,40,1362.0,235.0,3.590332839999999
14,37,258.0,87.0,0.9511877800000007
15,45,3361.0,636.0,10.338935829999995
16,39,304.0,91.0,1.20922881
17,27,167.0,85.0,0.6195756099999989
18,35,758.0,199.0,2.157224919999997
19,27,222.0,93.0,0.7967985300000002
20,25,170.0,84.0,0.6091013599999996
21,40,1695.0,371.0,4.685426449999994
22,36,264.0,91.0,1.053557929999999
23,25,172.0,86.0,0.6246265399999991
24,29,213.0,95.0,0.7881708400000008
25,23,159.0,87.0,0.6078212499999993
26,41,842.0,203.0,2.935272270000005
27,30,189.0,83.0,0.7579167200000001
28,44,758.0,149.0,2.770739399999998
29,42,1505.0,335.0,4.730367979999995
30,30,253.0,92.0,0.9718494199999994
31,29,200.0,90.0,0.7801761099999993
32,41,2223.0,372.0,7.826434060000004
33,29,205.0,95.0,0.770360009999999
34,44,355.0,101.0,1.3296542299999994
35,40,474.0,134.0,1.6300555200000004
36,38,324.0,93.0,1.2626717900000006
37,28,251.0,112.0,0.7983764900000005
38,28,158.0,82.0,0.6355082200000006
39,33,281.0,94.0,0.9497878199999993
40,39,297.0,93.0,1.0877656999999996
41,48,14877.0,2662.0,40.35867798999998
42,39,979.0,217.0,3.3950260900000013
43,40,269.0,84.0,1.0411349800000007
44,33,223.0,87.0,0.94012918
45,42,958.0,214.0,3.525072549999999
46,44,5568.0,1010.0,15.754245359999997
47,42,1567.0,332.0,5.4830073499999905
48,33,301.0,95.0,1.0562469600000004
49,49,48541.0,6223.0,178.12592053999987
50,27,191.0,84.0,0.7708464500000002
51,34,558.0,145.0,1.637775070000003
52,42,534.0,113.0,2.4048806299999987
53,40,558.0,144.0,1.88999453
54,47,1649.0,303.0,5.538313989999995
55,24,174.0,89.0,0.6593953399999996
56,32,440.0,126.0,1.5208182900000007
57,27,158.0,82.0,0.61412389
58,36,569.0,146.0,2.1125489200000005
59,34,581.0,161.0,1.9858232399999984
60,43,1234.0,251.0,4.180304220000001
61,44,5327.0,817.0,19.73966852000002
62,19,112.0,83.0,0.4308668800000003
63,46,3483.0,576.0,12.484655340000002
64,42,281.0,91.0,1.1863544400000006
65,37,505.0,131.0,1.5469862099999998
66,39,303.0,94.0,1.192708430000001
67,41,1017.0,208.0,3.3710854599999998
68,44,1274.0,216.0,3.7309524000000014
69,38,1447.0,306.0,5.099265419999995
70,25,181.0,89.0,0.6311288499999994
71,23,132.0,82.0,0.5014004999999992
72,35,234.0,91.0,0.90801497
73,23,146.0,82.0,0.5156079400000002
74,30,176.0,83.0,0.7491722999999999
75,40,380.0,106.0,1.4083763100000004
76,39,1103.0,223.0,3.4625185799999985
77,42,368.0,100.0,1.4085304800000005
78,29,194.0,90.0,0.7861090600000009
79,33,207.0,83.0,0.8375773199999992
80,28,164.0,82.0,0.6778126700000002
81,39,307.0,95.0,1.2014565100000005
82,31,195.0,88.0,0.8278199299999995
83,46,11755.0,2061.0,32.901233140000045
84,32,309.0,108.0,1.0928792899999993
85,39,414.0,112.0,1.3655662599999998
86,21,121.0,93.0,0.5269466599999996
87,14,104.0,82.0,0.3435052900000004
88,38,488.0,137.0,1.6147564299999981
89,39,946.0,203.0,3.11388328
90,12,69.0,82.0,0.2616278100000002
91,34,267.0,90.0,0.9580111700000004
92,40,436.0,128.0,1.689640590000001
93,32,263.0,96.0,1.0764207100000007
94,32,246.0,96.0,1.0179225699999987
95,37,358.0,100.0,1.4616667999999966
96,26,162.0,82.0,0.6109266599999996
97,43,406.0,110.0,1.5669359100000002
98,40,393.0,118.0,1.4195513500000003
99,23,152.0,85.0,0.6048527499999998
