,input,basicOps,recursionCount,time
0,10,41.0,18.0,0.4630857999999999
1,8,23.0,17.0,0.11983109999999998
2,5,17.0,17.0,0.0777716
3,9,32.0,17.0,0.14206819999999998
4,9,56.0,24.0,0.23562349999999999
5,10,33.0,17.0,0.20429600000000003
6,9,49.0,23.0,0.5318992
7,11,40.0,17.0,0.08987889999999997
8,11,40.0,17.0,0.08148720000000004
9,8,33.0,19.0,0.07950740000000005
10,11,58.0,21.0,0.20952550000000011
11,9,36.0,17.0,2.4584484
12,9,49.0,22.0,0.11099329999999996
13,8,26.0,17.0,0.05918899999999999
14,9,31.0,17.0,0.07872250000000003
15,10,31.0,17.0,0.07521739999999998
16,8,31.0,17.0,0.06521950000000001
17,10,50.0,21.0,0.1266603
18,10,50.0,22.0,0.11651310000000001
19,10,36.0,17.0,0.07157139999999995
20,9,29.0,17.0,0.06914420000000003
21,10,37.0,17.0,0.07397900000000002
22,12,48.0,18.0,0.10684299999999995
23,6,23.0,20.0,1.2616928999999997
24,6,20.0,17.0,0.043360199999999995
25,9,39.0,20.0,0.08624019999999999
26,9,32.0,17.0,0.07049369999999998
27,10,35.0,17.0,0.07564980000000003
28,7,24.0,17.0,0.05414050000000001
29,9,30.0,17.0,0.06575910000000001
30,6,22.0,17.0,0.07752640000000002
31,9,36.0,17.0,2.9072365
32,10,60.0,26.0,0.7452497000000001
33,11,47.0,19.0,0.3483315
34,5,13.0,17.0,0.14729709999999996
35,10,34.0,17.0,0.28039740000000013
36,10,39.0,17.0,0.12216040000000004
37,10,120.0,37.0,0.2912029
38,10,46.0,19.0,0.10668990000000005
39,5,20.0,17.0,0.09710200000000001
40,10,34.0,17.0,0.07317900000000001
41,7,29.0,18.0,0.0592128
42,9,34.0,20.0,0.07616390000000003
43,11,86.0,29.0,0.17800970000000002
44,10,47.0,20.0,0.10584090000000002
45,11,38.0,17.0,0.1693211000000001
46,10,32.0,17.0,0.07104150000000001
47,8,30.0,18.0,0.07013049999999997
48,8,38.0,20.0,0.08345510000000002
49,12,67.0,23.0,0.14907690000000004
50,9,34.0,17.0,0.0686407
51,9,36.0,17.0,0.06734869999999997
52,9,46.0,21.0,0.09710299999999998
53,10,38.0,18.0,0.09185630000000002
54,10,35.0,17.0,0.07219620000000002
55,5,21.0,18.0,0.048188999999999996
56,5,19.0,17.0,0.042240200000000006
57,11,50.0,19.0,0.1137571
58,10,32.0,17.0,0.1372828
59,9,33.0,17.0,0.2432403
60,10,56.0,23.0,0.4065033
61,8,29.0,17.0,0.144567
62,10,37.0,17.0,0.2539054
63,9,37.0,18.0,0.28834589999999993
64,12,60.0,20.0,4.8061724
65,6,23.0,18.0,0.09208189999999998
66,7,23.0,17.0,0.09941439999999997
67,10,50.0,21.0,0.16038400000000005
68,7,24.0,17.0,0.08743259999999997
69,11,52.0,22.0,0.2483138
70,9,32.0,17.0,2.745999999999999
71,10,47.0,22.0,0.08869950000000001
72,11,43.0,17.0,0.1215344
73,7,23.0,17.0,0.04963559999999999
74,7,22.0,17.0,0.04861460000000001
75,6,21.0,17.0,0.04240259999999999
76,10,51.0,20.0,0.09904059999999999
77,10,62.0,23.0,0.11741850000000005
78,8,29.0,17.0,0.054661600000000005
79,5,17.0,17.0,0.035671499999999995
80,7,24.0,17.0,0.04837110000000002
81,6,21.0,17.0,0.0402854
82,10,36.0,17.0,0.0846997
83,12,150.0,43.0,0.2774226999999998
84,6,25.0,17.0,0.045447600000000005
85,8,32.0,18.0,0.06272580000000001
86,11,46.0,18.0,0.09051849999999999
87,9,30.0,17.0,0.06041949999999999
88,6,23.0,19.0,0.0477178
89,10,61.0,27.0,0.117479
90,12,54.0,20.0,0.11941219999999995
91,9,28.0,17.0,0.05907740000000003
92,6,23.0,17.0,0.04675050000000001
93,8,28.0,17.0,0.46350410000000003
94,8,32.0,18.0,0.4806091999999996
95,9,30.0,17.0,0.07906679999999999
96,8,31.0,19.0,0.0632288
97,11,45.0,20.0,0.0907763
98,10,68.0,24.0,0.15328090000000003
99,10,48.0,21.0,0.0971198
