,input,basicOps,recursionCount,time
0,34,649.0,171.0,7.231917500000002
1,43,893.0,177.0,6.398882399999999
2,32,264.0,106.0,3.3295719000000004
3,43,1574.0,300.0,18.660759300000002
4,38,1045.0,254.0,3.1916420999999993
5,43,736.0,191.0,3.4861089999999995
6,47,548.0,119.0,2.9857666
7,37,251.0,88.0,0.9510683000000003
8,46,4835.0,919.0,27.516846600000004
9,36,473.0,133.0,2.4788753999999997
10,24,157.0,82.0,0.5188389999999999
11,39,331.0,97.0,1.275481
12,36,258.0,88.0,0.9902957999999996
13,40,1362.0,235.0,3.662269300000001
14,37,258.0,87.0,0.9602503999999996
15,45,3361.0,636.0,11.9717498
16,39,304.0,91.0,1.1865402999999994
17,27,167.0,85.0,0.6060501999999999
18,35,758.0,199.0,3.3299989000000005
19,27,222.0,93.0,0.7738875
20,25,170.0,84.0,0.5978185
21,40,1695.0,371.0,4.8075021
22,36,264.0,91.0,1.0579936000000003
23,25,172.0,86.0,0.6293160000000002
24,29,213.0,95.0,0.7810112000000001
25,23,159.0,87.0,0.5849046999999997
26,41,842.0,203.0,5.3392781
27,30,189.0,83.0,0.7423208999999998
28,44,758.0,149.0,2.724116900000001
29,42,1505.0,335.0,4.885224
30,30,253.0,92.0,0.9310502999999998
31,29,200.0,90.0,0.7677408000000002
32,41,2223.0,372.0,7.999987199999998
33,29,205.0,95.0,0.7415054
34,44,355.0,101.0,1.3319412000000006
35,40,474.0,134.0,2.9173805
36,38,324.0,93.0,1.3220299999999998
37,28,251.0,112.0,0.7875743999999997
38,28,158.0,82.0,2.8418020000000004
39,33,281.0,94.0,0.9997903000000002
40,39,297.0,93.0,1.0859435999999996
41,48,14877.0,2662.0,57.00264319999998
42,39,979.0,217.0,2.996552999999999
43,40,269.0,84.0,1.732486799999999
44,33,223.0,87.0,3.1772917000000014
45,42,958.0,214.0,7.307050299999998
46,44,5568.0,1010.0,25.7562694
47,42,1567.0,332.0,5.506439099999999
48,33,301.0,95.0,1.0556661
49,49,48541.0,6223.0,259.0162324
50,27,191.0,84.0,0.7529630000000004
51,34,558.0,145.0,1.5863647000000007
52,42,534.0,113.0,2.332432299999999
53,40,558.0,144.0,1.8961773999999996
54,47,1649.0,303.0,5.5653531
55,24,174.0,89.0,0.6252449999999999
56,32,440.0,126.0,1.541314999999999
57,27,158.0,82.0,0.5892549999999996
58,36,569.0,146.0,3.3706636999999984
59,34,581.0,161.0,1.9740318000000001
60,43,1234.0,251.0,5.6767569999999985
61,44,5327.0,817.0,35.29025200000001
62,19,112.0,83.0,0.4170684000000002
63,46,3483.0,576.0,15.631303899999999
64,42,281.0,91.0,1.1623416999999998
65,37,505.0,131.0,1.4894706000000002
66,39,303.0,94.0,1.1958083999999998
67,41,1017.0,208.0,3.441490999999999
68,44,1274.0,216.0,3.6925688
69,38,1447.0,306.0,6.4479297
70,25,181.0,89.0,0.6228110000000002
71,23,132.0,82.0,0.48053790000000013
72,35,234.0,91.0,0.9329248
73,23,146.0,82.0,0.4911088000000002
74,30,176.0,83.0,0.7288124000000002
75,40,380.0,106.0,1.3719945000000004
76,39,1103.0,223.0,3.565264100000002
77,42,368.0,100.0,1.3921766999999996
78,29,194.0,90.0,0.7531975000000001
79,33,207.0,83.0,0.8192427999999995
80,28,164.0,82.0,0.6462823000000001
81,39,307.0,95.0,1.1955029000000008
82,31,195.0,88.0,0.8003544
83,46,11755.0,2061.0,48.34320339999999
84,32,309.0,108.0,1.0644657000000004
85,39,414.0,112.0,1.3269340000000005
86,21,121.0,93.0,0.5070334
87,14,104.0,82.0,0.4767701000000001
88,38,488.0,137.0,4.8006666
89,39,946.0,203.0,4.532066
90,12,69.0,82.0,0.23425010000000002
91,34,267.0,90.0,0.9352088999999999
92,40,436.0,128.0,2.266368
93,32,263.0,96.0,2.2103236
94,32,246.0,96.0,0.9862187999999996
95,37,358.0,100.0,1.4316346000000002
96,26,162.0,82.0,1.2260166000000006
97,43,406.0,110.0,1.5042395000000006
98,40,393.0,118.0,1.3783135000000002
99,23,152.0,85.0,0.5876624999999996
