,input,basicOps,recursionCount,time
0,10,41.0,18.0,0.1989486899999996
1,8,23.0,17.0,0.05990620000000005
2,5,17.0,17.0,0.08436631000000003
3,9,32.0,17.0,0.07232847000000002
4,9,56.0,24.0,0.1333059000000001
5,10,33.0,17.0,0.13681139999999994
6,9,49.0,23.0,0.14641652000000002
7,11,40.0,17.0,0.09462505000000004
8,11,40.0,17.0,0.09224023000000005
9,8,33.0,19.0,0.0778613399999999
10,11,58.0,21.0,0.16084736000000013
11,9,36.0,17.0,0.12996950999999995
12,9,49.0,22.0,0.20240637000000009
13,8,26.0,17.0,0.05596676999999993
14,9,31.0,17.0,0.06759964999999994
15,10,31.0,17.0,0.07072353999999993
16,8,31.0,17.0,0.06128461
17,10,50.0,21.0,0.10259321000000005
18,10,50.0,22.0,0.1069033700000001
19,10,36.0,17.0,0.06801988999999993
20,9,29.0,17.0,0.06440140999999996
21,10,37.0,17.0,0.07578171000000006
22,12,48.0,18.0,0.10470077999999995
23,6,23.0,20.0,0.10005818999999991
24,6,20.0,17.0,0.07233595000000005
25,9,39.0,20.0,0.1380293700000001
26,9,32.0,17.0,0.11838460000000006
27,10,35.0,17.0,0.12455293000000008
28,7,24.0,17.0,0.09021236999999988
29,9,30.0,17.0,0.060996790000000044
30,6,22.0,17.0,0.04683172000000012
31,9,36.0,17.0,0.06720150999999995
32,10,60.0,26.0,0.11602821999999985
33,11,47.0,19.0,0.09132298
34,5,13.0,17.0,0.03304006999999999
35,10,34.0,17.0,0.07208016000000003
36,10,39.0,17.0,0.07434404999999995
37,10,120.0,37.0,0.2284400299999998
38,10,46.0,19.0,0.0963256500000001
39,5,20.0,17.0,0.03937436999999999
40,10,34.0,17.0,0.07124192000000007
41,7,29.0,18.0,0.053220369999999975
42,9,34.0,20.0,0.07234523000000001
43,11,86.0,29.0,0.16191057999999997
44,10,47.0,20.0,0.09999171999999995
45,11,38.0,17.0,0.08258863999999999
46,10,32.0,17.0,0.07027787000000009
47,8,30.0,18.0,0.1217966399999998
48,8,38.0,20.0,0.14231259
49,12,67.0,23.0,0.15310880000000024
50,9,34.0,17.0,0.06520257999999998
51,9,36.0,17.0,0.06588887999999996
52,9,46.0,21.0,0.09012016999999996
53,10,38.0,18.0,0.08797148000000002
54,10,35.0,17.0,0.06894031
55,5,21.0,18.0,0.04419685
56,5,19.0,17.0,0.041323890000000016
57,11,50.0,19.0,0.1095515200000001
58,10,32.0,17.0,0.07020586000000004
59,9,33.0,17.0,0.06598156999999998
60,10,56.0,23.0,0.11217487999999999
61,8,29.0,17.0,0.055159149999999976
62,10,37.0,17.0,0.06915466999999997
63,9,37.0,18.0,0.07685923999999991
64,12,60.0,20.0,0.12527990999999994
65,6,23.0,18.0,0.04632948000000005
66,7,23.0,17.0,0.05279323000000003
67,10,50.0,21.0,0.08897814000000012
68,7,24.0,17.0,0.05053527000000009
69,11,52.0,22.0,0.10334867000000013
70,9,32.0,17.0,0.06531903000000004
71,10,47.0,22.0,0.09225867000000004
72,11,43.0,17.0,0.08446654000000005
73,7,23.0,17.0,0.05299018999999998
74,7,22.0,17.0,0.048616940000000025
75,6,21.0,17.0,0.042478630000000045
76,10,51.0,20.0,0.09549909000000001
77,10,62.0,23.0,0.11515661000000005
78,8,29.0,17.0,0.058371519999999996
79,5,17.0,17.0,0.03587484000000003
80,7,24.0,17.0,0.04811622000000005
81,6,21.0,17.0,0.04050184
82,10,36.0,17.0,0.06772876000000003
83,12,150.0,43.0,0.2892293699999998
84,6,25.0,17.0,0.042732750000000035
85,8,32.0,18.0,0.06260089999999988
86,11,46.0,18.0,0.08997476999999993
87,9,30.0,17.0,0.0616122399999999
88,6,23.0,19.0,0.047462239999999996
89,10,61.0,27.0,0.11404654999999994
90,12,54.0,20.0,0.12180814999999999
91,9,28.0,17.0,0.0610312600000001
92,6,23.0,17.0,0.045577809999999934
93,8,28.0,17.0,0.06386585999999994
94,8,32.0,18.0,0.06690743999999997
95,9,30.0,17.0,0.06741338000000002
96,8,31.0,19.0,0.06342325000000007
97,11,45.0,20.0,0.08952361000000013
98,10,68.0,24.0,0.1509319100000003
99,10,48.0,21.0,0.09984716999999982
