,input,basicOps,recursionCount,time
0,0,0.0,82.0,269.9417166
1,1,5.93,82.0,227.43638760000005
2,2,12.14,82.0,236.32738560000004
3,3,18.76,82.0,243.5562599
4,4,24.74,82.0,266.6855895
5,5,30.59,82.0,162.66769929999998
6,6,36.64,82.04,186.19755640000005
7,7,42.99,82.07,177.23289449999996
8,8,49.22,82.07,245.65352500000012
9,9,55.37,82.13,214.23882930000013
10,10,61.67,82.29,170.27025410000005
11,11,67.91,82.4,219.70038939999998
12,12,74.34,82.46,205.03639020000006
13,13,81.13,82.54,283.89031809999994
14,14,87.26,82.55,191.3457659
15,15,94.08,82.79,183.43860010000003
16,16,100.97,83.12,212.70266180000004
17,17,107.94,83.3,206.4076163
18,18,116.51,84.16,200.84671560000007
19,19,124.16,84.5,171.29612780000005
20,20,132.31,85.19,186.35946270000005
21,21,140.99,85.77,192.53974329999994
22,22,150.53,86.46,132.04417029999996
23,23,164.2,88.24,132.27668400000002
24,24,177.0,89.57,165.62292760000003
25,25,188.98,90.88,195.9053784
26,26,203.78,92.66,218.64946459999993
27,27,223.98,96.0,153.7551676
28,28,248.59,100.03,208.49710750000003
29,29,263.89,101.65,187.6360128
30,30,295.08,106.91,195.08548629999996
31,31,314.84,109.23,173.40866820000002
32,32,337.85,111.97,173.04305649999992
33,33,374.13,117.19,233.09101799999996
34,34,406.5,121.41,169.12103130000003
35,35,451.61,127.8,216.18752410000008
36,36,519.64,137.66,204.73093590000002
37,37,645.11,159.62,189.6478186
38,38,767.99,178.53,244.80501060000006
39,39,912.79,201.36,160.52025219999993
40,40,1235.0,255.67,182.0457955
41,41,1568.98,306.26,193.4305294
42,42,2127.67,389.27,234.4791353
43,43,2853.03,502.36,209.86883080000013
44,44,5190.99,823.05,294.9786586999999
45,45,5655.34,923.39,280.5484791000001
46,46,7854.83,1238.43,337.34382029999983
47,47,11170.27,1706.69,396.3923512
48,48,19252.87,2862.33,663.2332171999998
49,49,23813.31,3567.79,698.6271021000002
50,50,32475.04,4742.62,797.4047267000001
51,51,48854.32,6943.18,1279.9841694
52,52,54776.23,7656.55,1421.6751535999995
53,53,79397.74,11019.15,1936.5625177999996
54,54,98119.48,13716.34,2244.10897
55,55,92429.87,12657.38,2196.7755927
56,56,104599.64,14104.84,2251.2643536
57,57,112768.72,15099.91,2363.7943817
58,58,85112.7,11155.87,2179.2976234
59,59,76098.1,9778.46,2204.9763639000003
60,60,71922.16,9211.04,1879.267965
61,61,79107.53,10646.03,1766.432886999999
62,62,63433.04,8244.45,1551.4025461
63,63,66727.97,9337.91,1458.2496849999995
64,64,64648.06,8545.1,1277.3636838
65,65,65776.27,8479.42,1199.9224692999999
66,66,50258.39,6385.92,1114.0475813999994
67,67,31845.21,4110.58,747.7259023999999
68,68,27205.46,3252.09,871.4657099000001
69,69,26537.72,3221.82,850.5682616999998
