,input,basicOps,recursionCount,time
0,0,0.0,17.0,11.486420999999998
1,1,3.56,17.0,11.748676199999998
2,2,6.99,17.0,9.821385100000004
3,3,10.61,17.03,21.77647230000001
4,4,14.13,17.04,10.311366600000005
5,5,17.66,17.11,8.1712628
6,6,21.65,17.21,11.273834000000004
7,7,26.15,17.46,10.017378800000001
8,8,30.21,17.63,14.209582500000002
9,9,35.37,18.08,12.3835458
10,10,42.13,18.78,4.0263262
11,11,48.86,19.54,22.175068999999993
12,12,59.89,21.17,11.399558500000001
13,13,58.83,20.03,11.867404700000009
14,14,58.84,19.13,12.679759700000002
