,input,basicOps,recursionCount,time
0,0,0.0,257.0,1147.5296889000006
1,1,9.55,257.0,795.4879901999994
2,2,18.34,257.0,1230.6132985000002
3,3,28.84,257.0,1200.9724693000003
4,4,39.32,257.0,1158.5921199
5,5,49.34,257.0,970.4556398
6,6,58.78,257.0,1197.7704605
7,7,68.25,257.0,1338.3961527000001
8,8,77.74,257.03,1291.9036950999996
9,9,87.52,257.03,1118.82157
10,10,96.47,257.03,1037.2440553
11,11,106.93,258.18,1013.1498938999999
12,12,116.46,258.18,1000.7875190999999
13,13,126.45,258.26,1047.9423812999999
14,14,136.68,258.26,1070.2485916
15,15,146.35,258.27,934.2415031999999
16,16,156.27,258.27,1178.8812244000005
17,17,166.3,258.34,812.5618220000001
18,18,175.95,258.34,918.8797301000002
19,19,185.83,258.34,865.1803572000005
20,20,195.19,258.34,958.8140583
21,21,204.95,258.34,951.8918872
22,22,214.43,258.34,964.4483368999998
23,23,224.15,258.5,819.7105519999997
24,24,233.72,258.65,918.3433838000001
25,25,243.32,258.65,955.5372264999999
26,26,250.29,256.09,889.5130445999996
27,27,262.5,258.77,928.5962807999997
28,28,273.11,259.07,886.7784962000002
29,29,283.27,259.08,914.8058974
30,30,292.9,259.11,842.4583108
31,31,304.42,260.09,757.4264284000002
32,32,314.02,260.09,973.8590386999997
33,33,325.95,260.86,1020.4709989000004
34,34,336.51,261.05,682.3597095999997
35,35,347.56,261.35,1104.2482636
36,36,358.03,261.49,1042.3044608000002
37,37,368.72,261.73,1152.3918398
38,38,378.19,261.73,986.0310142000001
39,39,391.17,262.71,920.9504827000001
40,40,403.65,263.33,1019.2084409
41,41,415.92,264.04,702.6255196999999
42,42,428.25,264.42,882.2964888000006
43,43,440.06,264.73,700.7994487999999
44,44,451.76,265.07,683.9611332
45,45,465.15,265.54,706.4350058
46,46,479.56,266.68,781.6874720999998
47,47,503.91,270.4,804.7588626999998
48,48,522.77,272.01,742.0614118000001
49,49,535.96,272.35,911.5737141999998
50,50,554.58,273.68,847.4680343
51,51,567.94,274.31,992.2272548
52,52,583.23,275.12,932.7127290000004
53,53,604.07,277.45,883.4745938000001
54,54,617.92,278.04,801.2583246000003
55,55,638.7,280.67,1011.4232781000004
56,56,657.91,282.18,1198.1388779000004
57,57,677.1,283.23,1062.6429785000003
58,58,708.62,287.53,1157.1306640000005
59,59,734.86,290.15,1412.6251047000005
60,60,765.41,293.86,1046.2820212000004
61,61,786.66,295.39,1097.3742738
62,62,812.36,297.89,1131.8663520000005
63,63,847.79,302.83,1067.7456789
64,64,882.77,306.55,1110.4594146
65,65,920.27,310.09,1085.9442032999991
66,66,956.02,314.13,1247.3474272999997
67,67,976.79,315.14,839.4035662999995
68,68,1023.04,322.02,1007.2121371999998
69,69,1096.75,333.75,1153.4596898
70,70,1199.62,347.97,1027.2684945
71,71,1222.93,350.1,1206.3190594
72,72,1282.46,357.22,1063.5298486999995
73,73,1398.21,373.31,906.0233164000001
74,74,1484.85,385.96,1180.9222295999996
75,75,1631.27,403.31,926.7079227
76,76,1803.49,424.01,1384.6331493
77,77,1886.93,434.54,1249.6648800999997
78,78,2017.49,451.99,1193.0836825000001
79,79,2137.95,468.42,1020.6066844
80,80,2232.95,481.38,1225.3213363
81,81,2448.37,513.08,1043.6251224999999
82,82,2550.95,523.47,1216.3125504999998
83,83,2916.73,575.55,1282.7721680000004
84,84,3325.26,631.73,1276.2875983
85,85,3803.54,690.94,1228.9918972999997
86,86,3987.15,714.72,1175.4584982000006
87,87,4595.71,783.93,951.2355051
88,88,4863.17,814.8,1284.6119570999997
89,89,5542.24,900.65,1439.1294954
90,90,6629.89,1037.62,1539.4597468999996
91,91,7209.46,1100.06,1396.9430899
92,92,8421.22,1242.19,1450.3752189
93,93,9629.66,1425.18,1313.2399078000003
94,94,10418.47,1507.58,1494.9342069000004
95,95,12333.25,1751.08,1537.2099994999999
96,96,12988.9,1815.83,1667.4253844999996
97,97,14863.11,2031.11,1928.6371003
98,98,15165.6,2040.88,2076.2554243000004
99,99,16565.14,2215.89,2426.8210463000005
100,100,19463.34,2499.45,2289.5404634000006
101,101,21827.41,2736.15,2602.5890964
102,102,28119.08,3373.0,2767.601702000001
103,103,33484.79,3988.63,3423.1247158000015
104,104,36329.0,4257.35,3604.643963999998
105,105,42422.31,4855.57,4080.7561497
106,106,42870.07,4879.95,4251.918043500002
107,107,51198.44,5792.21,4383.355987400001
108,108,53806.33,6086.29,5064.6514379
109,109,60458.37,6731.56,5392.950976600001
110,110,60863.29,6618.43,5444.5037487
111,111,65120.18,7037.0,5368.319139800002
112,112,72756.14,7779.18,5869.0353185
113,113,74707.99,8077.22,6208.177823500001
114,114,79402.27,8509.33,6238.183532899999
115,115,81692.2,8722.13,6662.446101199997
116,116,92393.37,9710.05,7094.934013699999
117,117,93490.44,9713.64,7314.5083688999985
118,118,91545.85,9669.91,7280.6681658
119,119,110508.15,11562.94,7852.9134976000005
120,120,116089.56,12150.32,8098.992548299997
121,121,121155.06,12603.72,8493.122995299998
122,122,116494.49,12148.03,8686.298027299998
123,123,129059.93,13416.27,9018.3048158
124,124,135320.65,13791.4,9401.9387536
125,125,132993.73,13331.46,9336.7490074
126,126,142587.2,14169.71,9568.8282629
127,127,141843.36,14068.91,9674.936205400001
128,128,139992.63,13830.77,9706.3052947
129,129,138888.96,13682.81,9658.0062619
