,input,basicOps,recursionCount,time
0,0,0.0,17.0,1.2648161900000003
1,1,3.431,17.0,0.99821014
2,2,6.882999999999999,17.0,1.0496345199999992
3,3,10.38,17.01,0.8618520399999997
4,4,14.017999999999999,17.052,0.8307414600000005
5,5,17.798,17.137999999999998,0.9002125599999989
6,6,21.769000000000002,17.283,1.0071968199999983
7,7,26.002,17.495,0.7950702199999997
8,8,30.616,17.78,0.928592689999999
9,9,36.356,18.351,0.927246129999999
10,10,42.871,19.04,0.8777926499999995
11,11,49.751999999999995,19.8,0.9142378600000002
12,12,57.382,20.65,0.8836423700000002
13,13,60.285,20.333,0.9828763399999996
14,14,59.586000000000006,19.288,1.0652447199999995
