,input,basicOps,recursionCount,time
0,0,0.0,82.0,1040.44759803
1,1,6.125,82.0,1094.93994871
2,2,12.21,82.0,1014.9546227099995
3,3,18.19,82.00299999999999,1006.69171292
4,4,24.318,82.015,943.4314419399996
5,5,30.534000000000002,82.022,941.5787038100004
6,6,36.597,82.031,1016.5416482899998
7,7,42.53,82.05,916.4972694900009
8,8,48.555,82.11399999999999,944.7288484999995
9,9,54.501999999999995,82.133,936.9703510499995
10,10,60.568999999999996,82.176,971.1375300200006
11,11,66.92399999999999,82.23700000000001,953.4861587099995
12,12,73.34,82.411,973.09450939
13,13,80.153,82.675,888.0019972900005
14,14,86.977,82.92200000000001,916.2347560399994
15,15,94.06299999999999,83.178,911.0486689999996
16,16,101.40700000000001,83.527,941.7262028100004
17,17,108.62700000000001,83.84899999999999,867.2259776599991
18,18,116.48299999999999,84.23899999999999,899.1418842599999
19,19,124.804,84.76799999999999,881.8817769399998
20,20,133.192,85.319,886.5577465899996
21,21,141.952,85.946,917.9094141400009
22,22,151.71,86.801,913.8964229799994
23,23,162.72899999999998,87.855,926.7914763000003
24,24,172.983,88.742,911.1417295199994
25,25,184.894,89.98899999999999,894.1609843500004
26,26,198.52200000000002,91.51100000000001,906.7739913499996
27,27,215.271,93.727,934.7693645299992
28,28,233.604,96.04700000000001,935.9657133599994
29,29,256.921,99.486,907.7597067500003
30,30,281.498,102.863,927.2396212499996
31,31,314.42900000000003,107.839,883.2534660499996
32,32,349.25699999999995,113.053,904.5272215300007
33,33,386.07199999999995,118.167,828.1806432099986
34,34,429.296,124.671,868.76252423
35,35,486.954,133.466,939.7580617199993
36,36,569.432,146.243,891.3480624899998
37,37,682.79,163.792,872.1414584400006
38,38,817.6389999999999,184.385,888.0927442699999
39,39,998.2339999999999,212.35299999999998,933.9746316000013
40,40,1265.893,254.959,960.3254150599994
41,41,1565.59,299.57,987.0093976399995
42,42,2009.64,366.219,975.1788287000008
43,43,2593.521,452.844,1116.628467570001
44,44,3376.5959999999995,567.614,1034.9975429599997
45,45,4764.22,766.5239999999999,1163.7449536900008
46,46,6879.615,1075.539,1317.4283206600007
47,47,9691.385,1490.806,1419.87145991
48,48,15069.173,2286.4570000000003,1628.433508439999
49,49,21917.781000000003,3270.614,1995.333340759997
50,50,32701.869,4796.554,2587.4772981200003
51,51,48617.715,6987.571999999999,3269.142757679999
52,52,83055.671,11867.698999999999,5038.969072530006
53,53,119112.66,16510.675,6584.734718189998
54,54,156417.094,21533.292,8169.999457060002
55,55,217336.826,29492.801,10595.380924000003
56,56,260837.421,34811.664,12139.171226520002
57,57,285705.04,38077.894,12831.055292550005
58,58,331235.724,44112.265999999996,13871.549923479983
59,59,333939.32,44182.719000000005,13874.685351290009
60,60,333472.26,42981.305,13560.981766170005
61,61,289159.459,36490.259,13395.844299109995
62,62,301803.277,37698.762,12481.202938080001
63,63,312328.51399999997,38470.089,13229.333168479992
64,64,233093.947,28961.507999999998,11192.62703996
65,65,253006.18899999998,30676.072,10748.522217779995
66,66,300881.2,36741.263999999996,10280.764620570008
67,67,310912.57399999996,37482.82,8642.158759630003
68,68,225304.19199999998,26195.142000000003,7404.361563999995
69,69,210517.18600000002,24208.392000000003,6120.425165679993
