input,basicOps,recursionCount,time
0,0.0,257.0,0.09631239999999985
1,2.0,257.0,0.10199970000000003
2,5.0,257.0,0.11327669999999991
3,9.0,257.0,0.1208588000000001
4,14.0,257.0,0.13750020000000013
5,20.0,257.0,0.14516260000000009
6,27.0,257.0,0.1504339999999999
7,35.0,257.0,0.1538692000000001
8,44.0,257.0,0.17646170000000036
9,54.0,257.0,0.18396510000000008
10,65.0,257.0,0.1998032000000001
11,77.0,257.0,0.20990480000000003
12,90.0,257.0,0.23722560000000026
13,104.0,257.0,0.2560302000000002
14,119.0,257.0,0.2699953000000005
15,135.0,257.0,0.2764683999999997
16,152.0,257.0,0.31786189999999975
17,158.0,257.0,0.3338796999999999
18,165.0,257.0,0.3521936
19,173.0,257.0,0.36200740000000003
20,182.0,257.0,0.5455449000000004
21,184.0,257.0,0.40934579999999954
22,187.0,257.0,0.41356859999999956
23,191.0,257.0,0.41052909999999987
24,196.0,257.0,0.4463630000000006
25,210.0,257.0,0.4749299999999998
26,225.0,257.0,0.49799430000000017
27,241.0,257.0,0.5065578000000004
28,258.0,257.0,0.5668303999999998
29,268.0,257.0,0.5764220000000002
30,279.0,257.0,0.5869975999999998
31,291.0,257.0,0.574407499999999
32,304.0,257.0,0.6406883000000011
33,314.0,257.0,0.6502739
34,325.0,257.0,0.6845031000000003
35,337.0,257.0,0.6857879000000007
36,350.0,257.0,0.7742258000000012
37,364.0,257.0,0.7921936999999991
38,379.0,257.0,0.8256417999999994
39,395.0,257.0,0.8406491000000015
40,412.0,257.0,0.9378987999999996
41,414.0,257.0,1.0834207999999996
42,417.0,257.0,0.9262110000000001
43,421.0,257.0,0.9076129
44,426.0,257.0,0.9724104999999995
45,432.0,257.0,0.9566751999999995
46,439.0,257.0,0.9850659999999999
47,447.0,257.0,0.9759108000000014
48,456.0,257.0,1.0381543999999987
49,470.0,257.0,1.0568046999999994
50,485.0,257.0,1.1000058000000004
51,501.0,257.0,1.1218567000000013
52,518.0,257.0,1.2380196999999997
53,528.0,257.0,1.248947599999999
54,539.0,257.0,1.3083981999999992
55,551.0,257.0,1.4604360000000012
56,564.0,257.0,1.4078158000000003
57,570.0,257.0,1.3719470000000007
58,577.0,257.0,1.3930715000000025
59,585.0,257.0,1.3617543000000012
60,594.0,257.0,1.5063514000000013
61,596.0,257.0,1.454474999999999
62,599.0,257.0,1.4552783000000005
63,603.0,257.0,1.4225811999999982
64,608.0,257.0,1.5400944999999988
65,611.0,257.0,1.6458526000000004
66,613.0,257.0,1.5010176999999991
67,618.0,257.0,1.4529547000000012
68,622.0,257.0,1.5671590000000006
69,629.0,257.0,1.5085730999999996
70,635.0,257.0,1.544039900000001
71,644.0,257.0,1.5037360999999985
72,652.0,257.0,1.6148257000000017
73,663.0,257.0,1.5550566000000006
74,673.0,257.0,1.5876093
75,686.0,257.0,1.6792383999999996
76,698.0,257.0,1.7131651000000003
77,713.0,257.0,1.6170669
78,727.0,257.0,1.6572945000000006
79,744.0,257.0,1.621044700000002
80,760.0,257.0,1.7191358999999986
81,767.0,257.0,1.6773349999999996
82,773.0,257.0,1.7286863999999982
83,782.0,257.0,1.6924877000000005
84,790.0,257.0,1.8498655000000022
85,793.0,257.0,1.916652300000002
86,795.0,257.0,1.7856450999999978
87,800.0,257.0,1.7469096999999985
88,804.0,257.0,1.846708400000003
89,819.0,257.0,1.7859271000000003
90,833.0,257.0,1.845496199999998
91,850.0,257.0,1.8240863000000016
92,866.0,257.0,1.9505021000000016
93,877.0,257.0,2.0186715999999967
94,887.0,257.0,1.9113025999999997
95,900.0,257.0,1.8928088000000032
96,912.0,257.0,1.9961675000000014
97,923.0,257.0,1.9357739999999986
98,933.0,257.0,1.995322700000001
99,946.0,257.0,1.9837194
100,958.0,257.0,2.147880200000004
101,973.0,257.0,2.2769184999999985
102,987.0,257.0,2.152752100000001
103,1004.0,257.0,2.097428500000001
104,1020.0,257.0,2.2746273000000015
105,1023.0,257.0,2.177686699999997
106,1025.0,257.0,2.2252992000000007
107,1030.0,257.0,2.180772799999997
108,1034.0,257.0,2.4597126000000022
109,1041.0,257.0,2.2606458000000003
110,1047.0,257.0,2.272138
111,1056.0,257.0,2.221030100000002
112,1064.0,257.0,2.3534706999999973
113,1079.0,257.0,2.2918597000000016
114,1093.0,257.0,2.3874813999999995
115,1110.0,257.0,2.568371400000001
116,1126.0,257.0,2.544904099999999
117,1137.0,257.0,2.4603727999999983
118,1147.0,257.0,2.4946376999999997
119,1160.0,257.0,2.4678524999999993
120,1172.0,257.0,2.6554070000000034
121,1179.0,257.0,2.576321799999999
122,1185.0,257.0,2.7972655999999976
123,1194.0,257.0,2.5898464000000008
124,1202.0,257.0,2.7137403999999954
125,1205.0,257.0,2.5859978999999997
126,1207.0,257.0,2.651396499999996
127,1212.0,257.0,2.787992099999998
128,1216.0,257.0,2.7905055999999977
129,1220.0,257.0,2.607419000000001
130,1225.0,257.0,2.683476000000001
131,1227.0,257.0,2.6395061000000033
132,1230.0,257.0,2.773718100000002
133,1238.0,257.0,2.8306191999999974
134,1247.0,257.0,2.7338314000000006
135,1253.0,257.0,2.6810613000000063
136,1260.0,257.0,2.8115569000000016
137,1272.0,257.0,2.6963856999999973
138,1285.0,257.0,2.7752143999999994
139,1295.0,257.0,2.8816253
140,1306.0,257.0,2.8868864000000003
141,1322.0,257.0,2.7716923999999996
142,1339.0,257.0,2.8346446000000016
143,1353.0,257.0,2.746980999999999
144,1368.0,257.0,2.9035006000000005
145,1376.0,257.0,3.019071300000003
146,1385.0,257.0,2.8867906999999993
147,1391.0,257.0,2.8428656999999995
148,1398.0,257.0,3.019571600000004
149,1402.0,257.0,2.890134099999998
150,1407.0,257.0,2.9517225000000025
151,1409.0,257.0,3.022871899999997
152,1412.0,257.0,3.0557868999999993
153,1428.0,257.0,2.8988788999999975
154,1445.0,257.0,2.9737861000000017
155,1459.0,257.0,2.9503655000000024
156,1474.0,257.0,3.279274300000005
157,1486.0,257.0,2.9783185999999966
158,1499.0,257.0,3.0530686999999976
159,1509.0,257.0,2.9479090000000023
160,1520.0,257.0,3.150457400000003
161,1532.0,257.0,3.2293140000000022
162,1545.0,257.0,3.1411106999999983
163,1555.0,257.0,3.071991799999998
164,1566.0,257.0,3.216458599999999
165,1582.0,257.0,3.1269219999999995
166,1599.0,257.0,3.403392799999997
167,1613.0,257.0,3.1651766999999986
168,1628.0,257.0,3.3084966999999987
169,1632.0,257.0,3.1956228999999983
170,1637.0,257.0,3.294675600000001
171,1639.0,257.0,3.2853017000000015
172,1642.0,257.0,3.417342799999997
173,1650.0,257.0,3.2621198999999947
174,1659.0,257.0,3.3151390000000016
175,1665.0,257.0,3.2660672000000033
176,1672.0,257.0,3.5855657000000023
177,1688.0,257.0,3.306098299999999
178,1705.0,257.0,3.4044927000000036
179,1719.0,257.0,3.3397994000000035
180,1734.0,257.0,3.556508400000007
181,1746.0,257.0,3.5769220999999938
182,1759.0,257.0,3.530676399999998
183,1769.0,257.0,3.4495479999999996
184,1780.0,257.0,3.6174828999999953
185,1788.0,257.0,3.493536400000003
186,1797.0,257.0,3.7780818000000003
187,1803.0,257.0,3.5598821000000003
188,1810.0,257.0,3.661499500000002
189,1814.0,257.0,3.572087499999999
190,1819.0,257.0,3.874661700000001
191,1821.0,257.0,3.5536421000000007
192,1824.0,257.0,3.7016261999999993
193,1829.0,257.0,3.6059240000000043
194,1833.0,257.0,3.656666300000001
195,1836.0,257.0,3.8077818
196,1838.0,257.0,3.8119497000000035
197,1847.0,257.0,3.6341450000000024
198,1855.0,257.0,3.7170121
199,1862.0,257.0,3.8101744999999956
200,1868.0,257.0,3.8256969
201,1881.0,257.0,3.687488299999999
202,1893.0,257.0,3.7552521000000034
203,1904.0,257.0,3.8482065000000003
204,1914.0,257.0,3.839709199999996
205,1931.0,257.0,3.7009045000000036
206,1947.0,257.0,3.7409872999999965
207,1962.0,257.0,3.8419339000000052
208,1976.0,257.0,3.908908700000004
209,1985.0,257.0,3.7339992999999985
210,1993.0,257.0,3.8040687999999983
211,2000.0,257.0,3.8108195999999985
212,2006.0,257.0,4.011033999999997
213,2011.0,257.0,3.7393857
214,2015.0,257.0,3.8338014999999994
215,2018.0,257.0,3.7933148000000005
216,2020.0,257.0,4.096189399999998
217,2037.0,257.0,3.780826599999995
218,2053.0,257.0,3.8311719999999996
219,2068.0,257.0,3.8049203999999923
220,2082.0,257.0,4.218824799999998
221,2095.0,257.0,3.867568900000001
222,2107.0,257.0,3.9693660999999976
223,2118.0,257.0,3.8695085000000007
224,2128.0,257.0,4.283673399999999
225,2141.0,257.0,3.8840719999999997
226,2153.0,257.0,3.960003200000004
227,2164.0,257.0,3.928066900000004
228,2174.0,257.0,4.327730900000005
229,2191.0,257.0,4.006749000000001
230,2207.0,257.0,4.075046499999999
231,2222.0,257.0,4.022292599999999
232,2236.0,257.0,4.433156600000001
233,2241.0,257.0,4.035100200000003
234,2245.0,257.0,4.118720699999996
235,2248.0,257.0,4.058690800000003
236,2250.0,257.0,4.461321199999999
237,2259.0,257.0,4.074397600000002
238,2267.0,257.0,4.163327000000002
239,2274.0,257.0,4.110072700000004
240,2280.0,257.0,4.469168499999999
241,2297.0,257.0,4.120346700000001
242,2313.0,257.0,4.198790699999997
243,2328.0,257.0,4.317302099999999
244,2342.0,257.0,4.406933499999996
245,2355.0,257.0,4.2446023999999944
246,2367.0,257.0,4.298147600000002
247,2378.0,257.0,4.4700444000000035
248,2388.0,257.0,4.4807972000000005
249,2397.0,257.0,4.3230518999999985
250,2405.0,257.0,4.3481097
251,2412.0,257.0,4.4944749999999996
252,2418.0,257.0,4.568006700000001
253,2423.0,257.0,4.392278599999996
254,2427.0,257.0,4.556897600000002
255,2430.0,257.0,4.3672831999999975
