input,basicOps,recursionCount,time
0,0.0,17.0,0.05058679999999991
1,2.0,17.0,0.07235959999999995
2,5.0,17.0,0.0642906
3,9.0,17.0,0.11181799999999995
4,14.0,17.0,0.06511579999999989
5,18.0,17.0,0.07675829999999993
6,23.0,17.0,0.06909899999999998
7,25.0,17.0,0.09689350000000005
8,28.0,17.0,0.07021070000000003
9,31.0,17.0,0.07617429999999994
10,33.0,17.0,0.0741402
11,38.0,17.0,0.09528199999999991
12,42.0,17.0,0.07514980000000004
13,47.0,17.0,0.0945244999999999
14,51.0,17.0,0.08155549999999992
15,54.0,17.0,0.08692630000000007
