input,basicOps,recursionCount,time
34,649.0,171.0,0.4028245000000002
43,893.0,177.0,0.48090959999999977
32,264.0,106.0,0.17884700000000026
43,1574.0,300.0,0.8733828999999999
38,1045.0,254.0,0.5919882999999984
43,736.0,191.0,0.48627630000000044
47,548.0,119.0,0.29025840000000025
37,251.0,88.0,0.20536280000000004
46,4835.0,919.0,2.9525814999999995
36,473.0,133.0,0.27656880000000034
24,157.0,82.0,0.13461750000000006
39,331.0,97.0,0.21572370000000007
36,258.0,88.0,0.1531965
40,1362.0,235.0,0.6139594999999994
37,258.0,87.0,0.15123650000000005
45,3361.0,636.0,1.6571198
39,304.0,91.0,0.1948946000000004
27,167.0,85.0,0.11514540000000027
35,758.0,199.0,0.34594610000000003
27,222.0,93.0,0.12056019999999953
25,170.0,84.0,0.09162440000000037
40,1695.0,371.0,0.7461267000000003
36,264.0,91.0,0.16161880000000012
25,172.0,86.0,0.09733600000000013
29,213.0,95.0,0.12562660000000017
23,159.0,87.0,0.10446780000000003
41,842.0,203.0,0.4956366
30,189.0,83.0,0.12387319999999971
44,758.0,149.0,0.6869851999999994
42,1505.0,335.0,0.9863223000000005
30,253.0,92.0,0.23529710000000034
29,200.0,90.0,0.1566867999999998
41,2223.0,372.0,1.5737742000000026
29,205.0,95.0,0.1441707999999999
44,355.0,101.0,0.25692400000000015
40,474.0,134.0,0.3349010000000003
38,324.0,93.0,0.2381312
28,251.0,112.0,0.14145299999999986
28,158.0,82.0,0.11995889999999988
33,281.0,94.0,0.1683663000000001
39,297.0,93.0,0.21457870000000032
48,14877.0,2662.0,7.577025399999999
39,979.0,217.0,0.6250727
40,269.0,84.0,0.23555479999999984
33,223.0,87.0,0.16025089999999997
42,958.0,214.0,0.6610580000000003
44,5568.0,1010.0,3.1503614999999994
42,1567.0,332.0,1.0492618
33,301.0,95.0,0.19176589999999993
49,48541.0,6223.0,34.7291504
27,191.0,84.0,0.1501386999999998
34,558.0,145.0,0.3312737
42,534.0,113.0,0.4335260000000001
40,558.0,144.0,0.3534914999999997
47,1649.0,303.0,1.0842764000000014
24,174.0,89.0,0.1342232
32,440.0,126.0,0.3023381999999995
27,158.0,82.0,0.11841809999999976
36,569.0,146.0,0.4211622000000001
34,581.0,161.0,0.4227327000000001
43,1234.0,251.0,0.8178339000000013
44,5327.0,817.0,3.789429300000002
19,112.0,83.0,0.09317360000000001
46,3483.0,576.0,2.3833915
42,281.0,91.0,0.24613119999999994
37,505.0,131.0,0.29790300000000003
39,303.0,94.0,0.21905179999999994
41,1017.0,208.0,0.6396472000000002
44,1274.0,216.0,0.7383184000000006
38,1447.0,306.0,0.9299158999999996
25,181.0,89.0,0.11603320000000011
23,132.0,82.0,0.09624709999999975
35,234.0,91.0,0.1569289
23,146.0,82.0,0.11175629999999985
30,176.0,83.0,0.1359470000000002
40,380.0,106.0,0.26633669999999965
39,1103.0,223.0,0.6633694999999997
42,368.0,100.0,0.2586791999999996
29,194.0,90.0,0.14338639999999972
33,207.0,83.0,0.15140349999999975
28,164.0,82.0,0.1240982999999998
39,307.0,95.0,0.2249744999999995
31,195.0,88.0,0.1560254000000002
46,11755.0,2061.0,6.347861099999995
32,309.0,108.0,0.1990621000000002
39,414.0,112.0,0.3006696999999995
21,121.0,93.0,0.10411440000000005
14,104.0,82.0,0.06313309999999979
38,488.0,137.0,0.31015599999999993
39,946.0,203.0,0.6128310999999991
12,69.0,82.0,0.04306400000000008
34,267.0,90.0,0.1926869999999997
40,436.0,128.0,0.3264656999999999
32,263.0,96.0,0.1892027
32,246.0,96.0,0.2221159000000001
37,358.0,100.0,0.27300400000000025
26,162.0,82.0,0.10511880000000005
43,406.0,110.0,0.32557399999999986
40,393.0,118.0,0.30518299999999954
23,152.0,85.0,0.10526129999999993
