input,basicOps,recursionCount,time
10,41.0,18.0,0.04804800000000006
8,23.0,17.0,0.03851849999999992
5,17.0,17.0,0.01579069999999996
9,32.0,17.0,0.026252999999999985
9,56.0,24.0,0.06021400000000005
10,33.0,17.0,0.03301150000000003
9,49.0,23.0,0.03950459999999999
11,40.0,17.0,0.0322831999999999
11,40.0,17.0,0.025833200000000126
8,33.0,19.0,0.024140199999999737
11,58.0,21.0,0.03997849999999998
9,36.0,17.0,0.016445999999999808
9,49.0,22.0,0.023000100000000096
8,26.0,17.0,0.009668999999999983
9,31.0,17.0,0.010704700000000051
10,31.0,17.0,0.011885399999999947
8,31.0,17.0,0.010317400000000056
10,50.0,21.0,0.017856999999999942
10,50.0,22.0,0.025060899999999914
10,36.0,17.0,0.01240720000000002
9,29.0,17.0,0.011800299999999896
10,37.0,17.0,0.013526599999999951
12,48.0,18.0,0.01719320000000023
6,23.0,20.0,0.017409700000000004
6,20.0,17.0,0.012274600000000035
9,39.0,20.0,0.02314989999999987
9,32.0,17.0,0.019849800000000004
10,35.0,17.0,0.020954899999999953
7,24.0,17.0,0.014856299999999914
9,30.0,17.0,0.019284800000000053
6,22.0,17.0,0.009662799999999982
9,36.0,17.0,0.010778799999999962
10,60.0,26.0,0.018761799999999912
11,47.0,19.0,0.019765700000000278
5,13.0,17.0,0.005217700000000004
10,34.0,17.0,0.012438499999999847
10,39.0,17.0,0.011721999999999943
10,120.0,37.0,0.04391229999999978
10,46.0,19.0,0.015822399999999834
5,20.0,17.0,0.006633799999999991
10,34.0,17.0,0.011121800000000012
7,29.0,18.0,0.013903500000000193
9,34.0,20.0,0.011790799999999846
11,86.0,29.0,0.03206700000000031
10,47.0,20.0,0.016276799999999973
11,38.0,17.0,0.013518700000000085
10,32.0,17.0,0.010695400000000034
8,30.0,18.0,0.010877499999999903
8,38.0,20.0,0.013023200000000176
12,67.0,23.0,0.026226900000000417
9,34.0,17.0,0.010511700000000125
9,36.0,17.0,0.010374100000000035
9,46.0,21.0,0.01792210000000004
10,38.0,18.0,0.016165899999999896
10,35.0,17.0,0.013414200000000025
5,21.0,18.0,0.009523800000000035
5,19.0,17.0,0.006435000000000072
11,50.0,19.0,0.02690710000000003
10,32.0,17.0,0.021015199999999932
9,33.0,17.0,0.019866099999999977
10,56.0,23.0,0.034753300000000056
8,29.0,17.0,0.0120532000000002
10,37.0,17.0,0.011346600000000078
9,37.0,18.0,0.01530659999999989
12,60.0,20.0,0.021039200000000122
6,23.0,18.0,0.007853799999999904
7,23.0,17.0,0.01135319999999998
10,50.0,21.0,0.017713200000000026
7,24.0,17.0,0.008120000000000018
11,52.0,22.0,0.021927099999999707
9,32.0,17.0,0.011953200000000046
10,47.0,22.0,0.017182299999999876
11,43.0,17.0,0.014979500000000083
7,23.0,17.0,0.009732799999999958
7,22.0,17.0,0.00767160000000002
6,21.0,17.0,0.0068073000000000656
10,51.0,20.0,0.017044599999999813
10,62.0,23.0,0.021850499999999877
8,29.0,17.0,0.010490600000000051
5,17.0,17.0,0.0056630000000000005
7,24.0,17.0,0.012434500000000057
6,21.0,17.0,0.007419400000000045
10,36.0,17.0,0.012705200000000125
12,150.0,43.0,0.04746480000000004
6,25.0,17.0,0.006864400000000026
8,32.0,18.0,0.01173810000000003
11,46.0,18.0,0.014363099999999912
9,30.0,17.0,0.009527599999999964
6,23.0,19.0,0.007569700000000015
10,61.0,27.0,0.022567300000000113
12,54.0,20.0,0.027123300000000107
9,28.0,17.0,0.010830499999999871
6,23.0,17.0,0.009451300000000036
8,28.0,17.0,0.011503199999999885
8,32.0,18.0,0.012453100000000144
9,30.0,17.0,0.010645700000000062
8,31.0,19.0,0.012697700000000216
11,45.0,20.0,0.016496199999999753
10,68.0,24.0,0.029290200000000273
10,48.0,21.0,0.01803979999999982
