input,basicOps,recursionCount,time
0,0.0,82.0,0.12427599999999987
1,6.02,82.0,0.14125279999999998
2,12.01,82.0,0.14263670000000014
3,18.068,82.0,0.1416502999999998
4,24.183,82.01,0.13996460000000002
5,30.249,82.025,0.12958180000000014
6,36.288,82.035,0.1156825
7,42.457,82.058,0.10731099999999989
8,48.463,82.085,0.10448550000000004
9,54.857,82.155,0.10225699999999989
10,61.161,82.198,0.10313729999999993
11,67.34,82.239,0.10356509999999987
12,73.694,82.392,0.10703559999999998
13,80.13,82.551,0.11144970000000003
14,86.678,82.691,0.1127887
15,93.427,82.947,0.11450339999999994
16,100.508,83.245,0.1204043000000001
17,107.706,83.536,0.12260179999999998
18,114.817,83.828,0.12961759999999997
19,123.119,84.457,0.1343599000000001
20,131.657,85.049,0.1378372
21,141.062,85.811,0.14101299999999972
22,150.718,86.672,0.14897359999999998
23,161.19,87.773,0.15214589999999983
24,173.208,89.076,0.16096549999999982
25,186.071,90.584,0.1661917000000002
26,199.943,92.165,0.17665570000000022
27,215.989,94.068,0.18159050000000013
28,232.045,95.883,0.1932664999999999
29,250.792,98.272,0.19973549999999995
30,274.228,101.54,0.21389319999999978
31,297.078,104.577,0.2251482000000002
32,326.999,108.814,0.24513189999999999
33,368.868,115.01,0.26457559999999997
34,417.86,122.139,0.2914667000000004
35,482.86,132.12,0.3208354999999999
36,566.166,144.957,0.3668951
37,676.32,162.324,0.4183627999999997
38,786.907,179.706,0.4769517000000006
39,957.17,205.235,0.554396199999999
40,1151.07,233.854,0.6585526999999991
41,1451.173,279.647,0.8041051000000012
42,1937.219,352.931,1.0425343000000005
43,2615.017,456.345,1.357135599999999
44,3411.311,572.063,1.8141619999999987
45,4848.236,784.695,2.5406461000000036
46,6951.91,1085.298,3.6514947999999987
47,9923.327,1513.635,5.091030499999996
48,14026.767,2092.097,7.216489600000001
49,21929.719,3179.506,11.394733800000022
50,31491.756,4443.83,16.534585800000002
51,46048.316,6453.362,23.988266499999988
52,68179.341,9358.358,36.09954779999997
53,117274.069,15935.618,63.29593160000002
54,188001.87,25145.866,101.72358139999984
55,267173.749,35685.427,145.72812859999993
56,396729.709,52674.346,214.6828040000001
57,580282.884,76132.91,318.8742522999997
58,645944.42,82662.468,349.5746726999998
59,748804.645,96184.362,406.92241410000037
60,1002163.748,127819.171,542.8369697999997
61,1300888.366,163244.614,695.9278566999993
62,1182572.615,147306.721,638.7368326999999
63,1286507.048,158620.804,694.8496271999993
64,1055803.865,127279.122,576.1655629999995
65,1122816.653,136330.644,606.1341181999998
66,816321.445,95059.43,438.48472719999984
67,652183.367,75713.821,357.48953990000064
68,550619.059,64262.427,293.03539599999993
69,412480.969,48937.831,233.38212949999988
