input,basicOps,recursionCount,time
0,0.0,82.0,0.0064912
1,3.0,82.0,0.0098813
2,8.0,82.0,0.0084922
3,15.0,82.0,0.0078909
4,17.0,82.0,0.0083966
5,21.0,82.0,0.0093033
6,27.0,82.0,0.0099154
7,36.0,82.0,0.0110081
8,44.0,82.0,0.011415
9,54.0,82.0,0.0112925
10,56.0,82.0,0.0136653
11,60.0,82.0,0.012643699999999999
12,78.0,85.0,1.238E-4
13,88.0,85.0,0.0156644
14,91.0,85.0,0.0159353
15,96.0,85.0,0.0199771
16,103.0,85.0,0.017412
17,112.0,85.0,0.0231644
18,120.0,85.0,0.0204697
19,130.0,85.0,0.0204306
20,133.0,85.0,0.0169618
21,138.0,85.0,0.0198625
22,145.0,85.0,0.0099114
23,147.0,85.0,5.82E-5
24,151.0,85.0,0.0156674
25,157.0,85.0,0.0151912
26,163.0,85.0,0.0178876
27,170.0,85.0,0.0195482
28,174.0,85.0,0.0180471
29,179.0,85.0,0.0317684
30,181.0,85.0,0.031157
31,184.0,85.0,0.0266863
32,192.0,85.0,7.49E-5
33,212.0,86.0,0.0056128
34,221.0,86.0,0.009651449999999999
35,223.0,86.0,0.01354295
36,241.0,88.0,0.030801
37,250.0,88.0,0.0293619
38,256.0,88.0,0.0294887
39,263.0,88.0,0.0311738
40,267.0,88.0,0.030018549999999998
41,277.0,88.0,0.0329776
42,286.0,88.0,0.0356732
43,292.0,88.0,0.0367266
44,299.0,88.0,0.0354718
45,303.0,88.0,0.0349929
46,308.0,88.0,0.039612
47,310.0,88.0,0.0415145
48,313.0,88.0,0.0381587
49,320.0,88.0,0.0361806
50,326.0,88.0,1.565E-4
51,331.0,88.0,0.0134008
52,335.0,88.0,0.0380983
53,338.0,88.0,0.0398382
54,340.0,88.0,0.0380804
55,350.0,88.0,0.0376572
56,359.0,88.0,0.016683
57,367.0,88.0,7.32E-5
58,371.0,88.0,2.042E-4
59,374.0,88.0,9.59E-5
60,376.0,88.0,0.01260075
61,383.0,88.0,1.031E-4
62,389.0,88.0,0.0295248
63,394.0,88.0,0.0225234
64,404.0,88.0,0.0466018
65,413.0,88.0,0.044409
66,421.0,88.0,9.8E-5
67,428.0,88.0,8.72E-5
68,434.0,88.0,8.84E-5
69,439.0,88.0,8.81E-5
70,443.0,88.0,0.0015525
71,446.0,88.0,7.93E-5
