input,basicOps,recursionCount,time
0,0.0,82.0,0.009673650000000002
1,3.0,82.0,0.00617128
2,8.0,82.0,0.005320179999999999
3,15.0,82.0,0.00608321
4,17.0,82.0,0.008383439999999999
5,21.0,82.0,0.006484760000000001
6,27.0,82.0,0.00705974
7,36.0,82.0,0.007200759999999999
8,44.0,82.0,0.006738610000000001
9,54.0,82.0,0.00726175
10,56.0,82.0,0.00796501
11,60.0,82.0,0.012341200000000004
12,78.0,85.0,0.010293720000000001
13,88.0,85.0,0.01071344
14,91.0,85.0,0.01081377
15,96.0,85.0,0.0126139
16,103.0,85.0,0.012627820000000001
17,112.0,85.0,0.01454265
18,120.0,85.0,0.0145144
19,130.0,85.0,0.015444099999999999
20,133.0,85.0,0.01585546
21,138.0,85.0,0.01727281
22,145.0,85.0,0.01723113
23,147.0,85.0,0.02262408
24,151.0,85.0,0.01792133
25,157.0,85.0,0.019043650000000006
26,163.0,85.0,0.01838638
27,170.0,85.0,0.01776461
28,174.0,85.0,0.01939402
29,179.0,85.0,0.01684947
30,181.0,85.0,0.01862728
31,184.0,85.0,0.01929731
32,192.0,85.0,0.020344219999999993
33,212.0,86.0,0.020782219999999997
34,221.0,86.0,0.031717155000000004
35,223.0,86.0,0.041943335000000005
36,241.0,88.0,0.023798375
37,250.0,88.0,0.02319354
38,256.0,88.0,0.022806009999999998
39,263.0,88.0,0.03655888
40,267.0,88.0,0.023212665
41,277.0,88.0,0.02421011
42,286.0,88.0,0.024604209999999998
43,292.0,88.0,0.022678590000000002
44,299.0,88.0,0.02569053
45,303.0,88.0,0.02479657
46,308.0,88.0,0.02988904
47,310.0,88.0,0.027709980000000002
48,313.0,88.0,0.030161050000000002
49,320.0,88.0,0.027582210000000003
50,326.0,88.0,0.04278003999999999
51,331.0,88.0,0.032856640000000006
52,335.0,88.0,0.02280075
53,338.0,88.0,0.03142874
54,340.0,88.0,0.03223764
55,350.0,88.0,0.026972999999999997
56,359.0,88.0,0.029522189999999997
57,367.0,88.0,0.02656075
58,371.0,88.0,0.025395499999999998
59,374.0,88.0,0.043141030000000004
60,376.0,88.0,0.030552972500000004
61,383.0,88.0,0.031028089999999998
62,389.0,88.0,0.034237630000000005
63,394.0,88.0,0.035392070000000005
64,404.0,88.0,0.03337648
65,413.0,88.0,0.04140627
66,421.0,88.0,0.03105338
67,428.0,88.0,0.042476599999999996
68,434.0,88.0,0.03445696
69,439.0,88.0,0.03813948
70,443.0,88.0,0.03436747
71,446.0,88.0,0.028563860000000003
