input,basicOps,recursionCount,time
0,0.0,257.0,8.59E-5
1,2.0,257.0,7.97E-5
2,5.0,257.0,5.31E-5
3,9.0,257.0,5.88E-5
4,14.0,257.0,6.39E-5
5,20.0,257.0,0.0042749
6,27.0,257.0,9.39E-5
7,35.0,257.0,7.95E-5
8,44.0,257.0,5.2E-5
9,54.0,257.0,9.11E-5
10,65.0,257.0,7.53E-5
11,77.0,257.0,1.065E-4
12,90.0,257.0,1.186E-4
13,104.0,257.0,5.58E-5
14,119.0,257.0,8.3E-5
15,135.0,257.0,1.085E-4
16,152.0,257.0,8.43E-5
17,158.0,257.0,6.78E-5
18,165.0,257.0,1.957E-4
19,173.0,257.0,0.0436607
20,182.0,257.0,0.0462435
21,184.0,257.0,0.0466799
22,187.0,257.0,0.113096
23,191.0,257.0,5.376E-4
24,196.0,257.0,0.0704789
25,210.0,257.0,0.057547
26,225.0,257.0,0.016515
27,241.0,257.0,0.057044
28,258.0,257.0,0.0612453
29,268.0,257.0,0.0541428
30,279.0,257.0,0.0240364
31,291.0,257.0,1.402E-4
32,304.0,257.0,1.205E-4
33,314.0,257.0,9.28E-5
34,325.0,257.0,1.103E-4
35,337.0,257.0,1.218E-4
36,350.0,257.0,1.242E-4
37,364.0,257.0,1.174E-4
38,379.0,257.0,1.92E-4
39,395.0,257.0,1.051E-4
40,412.0,257.0,1.01E-4
41,414.0,257.0,9.75E-5
42,417.0,257.0,8.4E-5
43,421.0,257.0,9.06E-5
44,426.0,257.0,0.2899109
45,432.0,257.0,9.85E-5
46,439.0,257.0,9.75E-5
47,447.0,257.0,1.472E-4
48,456.0,257.0,1.004E-4
49,470.0,257.0,1.103E-4
50,485.0,257.0,1.242E-4
51,501.0,257.0,9.48E-5
52,518.0,257.0,1.16E-4
53,528.0,257.0,1.382E-4
54,539.0,257.0,0.1223246
55,551.0,257.0,0.0687467
56,564.0,257.0,0.1014304
57,570.0,257.0,0.0981832
58,577.0,257.0,0.0969962
59,585.0,257.0,0.0938155
60,594.0,257.0,0.1073549
61,596.0,257.0,1.733E-4
62,599.0,257.0,0.0985928
63,603.0,257.0,0.1227421
64,608.0,257.0,0.1391507
65,611.0,257.0,0.1595239
66,613.0,257.0,0.1185525
67,618.0,257.0,0.1265454
68,622.0,257.0,0.1248873
69,629.0,257.0,0.3030069
70,635.0,257.0,1.413E-4
71,644.0,257.0,1.243E-4
72,652.0,257.0,1.332E-4
73,663.0,257.0,1.055E-4
74,673.0,257.0,2.787E-4
75,686.0,257.0,0.0257488
76,698.0,257.0,0.1151172
77,713.0,257.0,0.1138578
78,727.0,257.0,0.1904575
79,744.0,257.0,0.1761023
80,760.0,257.0,0.0965467
81,767.0,257.0,0.1159075
82,773.0,257.0,0.1170828
83,782.0,257.0,0.1319249
84,790.0,257.0,0.1141313
85,793.0,257.0,0.1173144
86,795.0,257.0,0.1147896
87,800.0,257.0,0.1262754
88,804.0,257.0,0.1084623
89,819.0,257.0,0.1148596
90,833.0,257.0,0.1174027
91,850.0,257.0,0.1245387
92,866.0,257.0,0.1269609
93,877.0,257.0,0.1462602
94,887.0,257.0,0.1582903
95,900.0,257.0,0.1423942
96,912.0,257.0,0.1375403
97,923.0,257.0,0.1429842
98,933.0,257.0,0.3363612
99,946.0,257.0,0.132882
100,958.0,257.0,0.1377948
101,973.0,257.0,0.1370503
102,987.0,257.0,0.1404969
103,1004.0,257.0,0.1550949
104,1020.0,257.0,0.2190682
105,1023.0,257.0,0.1395064
106,1025.0,257.0,0.1871301
107,1030.0,257.0,0.1395873
108,1034.0,257.0,0.1561642
109,1041.0,257.0,0.1412004
110,1047.0,257.0,0.2662844
111,1056.0,257.0,0.1363251
112,1064.0,257.0,0.1455716
113,1079.0,257.0,0.1620602
114,1093.0,257.0,0.1501981
115,1110.0,257.0,0.1518201
116,1126.0,257.0,0.1588781
117,1137.0,257.0,0.1557493
118,1147.0,257.0,0.1646431
119,1160.0,257.0,0.2750484
120,1172.0,257.0,0.1677229
121,1179.0,257.0,0.1615457
122,1185.0,257.0,0.1629579
123,1194.0,257.0,0.1642849
124,1202.0,257.0,0.2416619
125,1205.0,257.0,0.1648842
126,1207.0,257.0,0.1654535
127,1212.0,257.0,0.2570576
128,1216.0,257.0,0.1695955
129,1220.0,257.0,0.1784386
130,1225.0,257.0,0.238546
131,1227.0,257.0,0.1678721
132,1230.0,257.0,0.1598865
133,1238.0,257.0,0.1897967
134,1247.0,257.0,0.1619926
135,1253.0,257.0,0.2090983
136,1260.0,257.0,0.1731271
137,1272.0,257.0,0.1684606
138,1285.0,257.0,0.1775041
139,1295.0,257.0,0.1636415
140,1306.0,257.0,0.1624145
141,1322.0,257.0,0.1648379
142,1339.0,257.0,0.3098807
143,1353.0,257.0,0.1655744
144,1368.0,257.0,0.1638631
145,1376.0,257.0,0.1708956
146,1385.0,257.0,0.1656332
147,1391.0,257.0,0.1718095
148,1398.0,257.0,0.0643385
149,1402.0,257.0,0.1932724
150,1407.0,257.0,0.1900112
151,1409.0,257.0,0.1729963
152,1412.0,257.0,0.1722939
153,1428.0,257.0,0.1747639
154,1445.0,257.0,0.1762527
155,1459.0,257.0,0.1761831
156,1474.0,257.0,0.1785523
157,1486.0,257.0,0.1751655
158,1499.0,257.0,0.3081252
159,1509.0,257.0,0.3122334
160,1520.0,257.0,0.2781875
161,1532.0,257.0,0.3153654
162,1545.0,257.0,0.3203784
163,1555.0,257.0,0.3043751
164,1566.0,257.0,0.3255224
165,1582.0,257.0,0.334225
166,1599.0,257.0,0.3278228
167,1613.0,257.0,0.3302392
168,1628.0,257.0,0.3311128
169,1632.0,257.0,0.3250413
170,1637.0,257.0,0.3479628
171,1639.0,257.0,0.3409052
172,1642.0,257.0,0.3365194
173,1650.0,257.0,0.2947943
174,1659.0,257.0,0.1950505
175,1665.0,257.0,0.1933598
176,1672.0,257.0,0.1941847
177,1688.0,257.0,0.1955077
178,1705.0,257.0,0.1969059
179,1719.0,257.0,0.2016086
180,1734.0,257.0,0.2050852
181,1746.0,257.0,0.2013338
182,1759.0,257.0,0.2032579
183,1769.0,257.0,0.2129771
184,1780.0,257.0,0.2040332
185,1788.0,257.0,0.2159895
186,1797.0,257.0,0.213888
187,1803.0,257.0,0.237851
188,1810.0,257.0,0.2399582
189,1814.0,257.0,0.2390582
190,1819.0,257.0,0.2378565
191,1821.0,257.0,0.2448393
192,1824.0,257.0,0.2356241
193,1829.0,257.0,0.2332149
194,1833.0,257.0,0.2322822
195,1836.0,257.0,0.2338002
196,1838.0,257.0,0.2386653
197,1847.0,257.0,0.2363611
198,1855.0,257.0,0.2298918
199,1862.0,257.0,0.3829933
200,1868.0,257.0,0.2228292
201,1881.0,257.0,0.2151055
202,1893.0,257.0,0.2150193
203,1904.0,257.0,0.2124927
204,1914.0,257.0,0.219679
205,1931.0,257.0,0.2182695
206,1947.0,257.0,0.2207263
207,1962.0,257.0,0.215669
208,1976.0,257.0,0.2160975
209,1985.0,257.0,0.2195666
210,1993.0,257.0,0.2321294
211,2000.0,257.0,0.2204194
212,2006.0,257.0,0.2291388
213,2011.0,257.0,0.2266476
214,2015.0,257.0,0.2309796
215,2018.0,257.0,0.2314711
216,2020.0,257.0,0.2538955
217,2037.0,257.0,0.2560173
218,2053.0,257.0,0.2351754
219,2068.0,257.0,0.2272602
220,2082.0,257.0,0.2290219
221,2095.0,257.0,0.2441044
222,2107.0,257.0,0.2409877
223,2118.0,257.0,0.2300599
224,2128.0,257.0,0.3337402
225,2141.0,257.0,0.4144368
226,2153.0,257.0,0.3951823
227,2164.0,257.0,0.4156699
228,2174.0,257.0,0.4629449
229,2191.0,257.0,0.4347429
230,2207.0,257.0,0.4483567
231,2222.0,257.0,0.4469803
232,2236.0,257.0,0.4495673
233,2241.0,257.0,0.4039178
234,2245.0,257.0,0.4030932
235,2248.0,257.0,0.4108881
236,2250.0,257.0,0.4411914
237,2259.0,257.0,0.4303133
238,2267.0,257.0,0.4095194
239,2274.0,257.0,0.4232578
240,2280.0,257.0,0.4324382
241,2297.0,257.0,0.4669951
242,2313.0,257.0,0.4140761
243,2328.0,257.0,0.4465937
244,2342.0,257.0,0.4193369
245,2355.0,257.0,0.4377685
246,2367.0,257.0,0.4440681
247,2378.0,257.0,0.3506147
248,2388.0,257.0,0.2623015
249,2397.0,257.0,0.251278
250,2405.0,257.0,0.2429696
251,2412.0,257.0,0.2502034
252,2418.0,257.0,0.2802693
253,2423.0,257.0,0.2572555
254,2427.0,257.0,0.2526338
255,2430.0,257.0,0.2518185
