input,basicOps,recursionCount,time
0,0.0,257.0,4.061837999999998
1,2.0,257.0,7.053087999999995
2,5.0,257.0,12.401845000000005
3,9.0,257.0,24.702316000000014
4,14.0,257.0,35.017072999999975
5,20.0,257.0,38.87799600000003
6,27.0,257.0,43.569268
7,35.0,257.0,56.81384599999993
8,44.0,257.0,71.57457099999993
9,54.0,257.0,76.63453200000008
10,65.0,257.0,91.26747699999999
11,77.0,257.0,101.51216399999996
12,90.0,257.0,118.33940899999985
13,104.0,257.0,128.84487800000002
14,119.0,257.0,137.647123
15,135.0,257.0,171.75460899999987
16,152.0,257.0,176.28573200000005
17,158.0,257.0,207.68773499999986
18,165.0,257.0,212.07737400000005
19,173.0,257.0,229.48007499999963
20,182.0,257.0,238.762589
21,184.0,257.0,241.5793540000003
22,187.0,257.0,266.26160200000027
23,191.0,257.0,254.74787599999974
24,196.0,257.0,272.3151370000004
25,210.0,257.0,280.93278699999996
26,225.0,257.0,313.23283399999997
27,241.0,257.0,328.47656600000005
28,258.0,257.0,376.6464439999998
29,268.0,257.0,360.3861130000001
30,279.0,257.0,372.0915169999997
31,291.0,257.0,368.38927500000005
32,304.0,257.0,395.77545200000003
33,314.0,257.0,415.62710599999957
34,325.0,257.0,466.0504609999997
35,337.0,257.0,440.07482299999975
36,350.0,257.0,473.886031
37,364.0,257.0,511.58445599999936
38,379.0,257.0,528.9440849999997
39,395.0,257.0,542.7063679999998
40,412.0,257.0,573.955059
41,414.0,257.0,588.3282260000003
42,417.0,257.0,601.3642800000002
43,421.0,257.0,607.4269329999993
44,426.0,257.0,595.9066989999993
45,432.0,257.0,620.0676839999996
46,439.0,257.0,641.3381170000005
47,447.0,257.0,639.7383779999996
48,456.0,257.0,668.2836589999997
49,470.0,257.0,690.2693989999999
50,485.0,257.0,729.2769259999998
51,501.0,257.0,761.8807400000002
52,518.0,257.0,774.4985759999989
53,528.0,257.0,809.0485300000007
54,539.0,257.0,830.5399600000003
55,551.0,257.0,834.5285220000001
56,564.0,257.0,856.8946800000004
57,570.0,257.0,865.9964760000005
58,577.0,257.0,857.1672119999997
59,585.0,257.0,891.183019
60,594.0,257.0,912.2575999999997
61,596.0,257.0,915.4236629999997
62,599.0,257.0,930.5721980000009
63,603.0,257.0,911.6663249999992
64,608.0,257.0,947.8637240000006
65,611.0,257.0,950.071007
66,613.0,257.0,945.5451390000005
67,618.0,257.0,944.6776859999991
68,622.0,257.0,982.4053319999994
69,629.0,257.0,962.2630990000006
70,635.0,257.0,991.3846609999986
71,644.0,257.0,975.1328739999998
72,652.0,257.0,1011.7435370000005
73,663.0,257.0,1009.1481369999996
74,673.0,257.0,1005.3124780000006
75,686.0,257.0,1030.7895950000009
76,698.0,257.0,1039.454183
77,713.0,257.0,1042.5773340000003
78,727.0,257.0,1071.717583999999
79,744.0,257.0,1049.5927539999998
80,760.0,257.0,1047.7208689999995
81,767.0,257.0,1079.8410180000005
82,773.0,257.0,1077.4864800000005
83,782.0,257.0,1151.5526060000013
84,790.0,257.0,1140.4966080000004
85,793.0,257.0,1111.8691400000002
86,795.0,257.0,1148.223576000001
87,800.0,257.0,1153.0383699999982
88,804.0,257.0,1143.7495139999992
89,819.0,257.0,1172.9843270000024
90,833.0,257.0,1214.2092889999997
91,850.0,257.0,1191.2450749999982
92,866.0,257.0,1213.3642180000015
93,877.0,257.0,1236.6171129999987
94,887.0,257.0,1232.0003700000002
95,900.0,257.0,1235.7010459999992
96,912.0,257.0,1272.491797999999
97,923.0,257.0,1262.9744739999992
98,933.0,257.0,1277.671986000001
99,946.0,257.0,1307.0062570000007
100,958.0,257.0,1308.4354149999988
101,973.0,257.0,1336.172000999998
102,987.0,257.0,1373.1438699999997
103,1004.0,257.0,1401.8488279999972
104,1020.0,257.0,1397.9760239999987
105,1023.0,257.0,1447.054646
106,1025.0,257.0,1423.9074090000006
107,1030.0,257.0,1415.9723790000019
108,1034.0,257.0,1452.8015150000017
109,1041.0,257.0,1462.403649
110,1047.0,257.0,1465.7391770000008
111,1056.0,257.0,1486.9620530000018
112,1064.0,257.0,1458.0497980000002
113,1079.0,257.0,1492.3159560000022
114,1093.0,257.0,1515.8239099999998
115,1110.0,257.0,1538.3943199999997
116,1126.0,257.0,1584.2047369999987
117,1137.0,257.0,1601.5744159999967
118,1147.0,257.0,1596.2136819999985
119,1160.0,257.0,1651.1151120000002
120,1172.0,257.0,1717.7992679999984
121,1179.0,257.0,1686.9600409999996
122,1185.0,257.0,1693.559738
123,1194.0,257.0,1653.8440740000012
124,1202.0,257.0,1657.0786749999988
125,1205.0,257.0,1682.6390039999997
126,1207.0,257.0,1675.729862000001
127,1212.0,257.0,1732.051069
128,1216.0,257.0,1725.0602540000011
129,1220.0,257.0,1711.3288890000013
130,1225.0,257.0,1775.1302680000015
131,1227.0,257.0,1775.4650670000012
132,1230.0,257.0,1713.572754999999
133,1238.0,257.0,1729.7998960000023
134,1247.0,257.0,1768.166707000002
135,1253.0,257.0,1775.172342999999
136,1260.0,257.0,1753.1135320000021
137,1272.0,257.0,1758.5113270000015
138,1285.0,257.0,1765.3957999999998
139,1295.0,257.0,1777.2424750000002
140,1306.0,257.0,1770.8595710000013
141,1322.0,257.0,1837.587820999998
142,1339.0,257.0,1825.6856540000013
143,1353.0,257.0,1797.3076720000015
144,1368.0,257.0,1852.0822530000005
145,1376.0,257.0,1893.2113840000002
146,1385.0,257.0,1876.802054000001
147,1391.0,257.0,1892.0696149999987
148,1398.0,257.0,1954.5447150000036
149,1402.0,257.0,1903.2521660000016
150,1407.0,257.0,1888.2913269999988
151,1409.0,257.0,1898.3480020000002
152,1412.0,257.0,1901.8492489999978
153,1428.0,257.0,1899.723635999999
154,1445.0,257.0,2005.7167659999973
155,1459.0,257.0,1911.9706060000008
156,1474.0,257.0,1967.3281780000002
157,1486.0,257.0,1966.1675529999989
158,1499.0,257.0,1971.6811470000007
159,1509.0,257.0,1979.3414799999991
160,1520.0,257.0,1993.9388670000012
161,1532.0,257.0,1979.9004639999987
162,1545.0,257.0,1995.2463609999998
163,1555.0,257.0,2006.357158999999
164,1566.0,257.0,2056.6560699999977
165,1582.0,257.0,2133.8902680000024
166,1599.0,257.0,2094.812886
167,1613.0,257.0,2133.4820079999995
168,1628.0,257.0,2132.1893340000015
169,1632.0,257.0,2172.3615299999988
170,1637.0,257.0,2126.1788329999995
171,1639.0,257.0,2166.0638700000004
172,1642.0,257.0,2173.0717809999974
173,1650.0,257.0,2167.7590050000017
174,1659.0,257.0,2188.713476999999
175,1665.0,257.0,2186.1210789999996
176,1672.0,257.0,2130.9303839999993
177,1688.0,257.0,2173.950556999999
178,1705.0,257.0,2251.7194930000005
179,1719.0,257.0,2223.645860999999
180,1734.0,257.0,2297.570599
181,1746.0,257.0,2294.6348290000033
182,1759.0,257.0,2297.5136440000047
183,1769.0,257.0,2316.1469080000006
184,1780.0,257.0,2311.9497430000024
185,1788.0,257.0,2325.1953310000013
186,1797.0,257.0,2372.7613779999997
187,1803.0,257.0,2404.9926340000006
188,1810.0,257.0,2392.398141999997
189,1814.0,257.0,2364.3199369999984
190,1819.0,257.0,2317.0849279999984
191,1821.0,257.0,2333.708083999997
192,1824.0,257.0,2392.1581409999994
193,1829.0,257.0,2351.042975000001
194,1833.0,257.0,2405.4727149999976
195,1836.0,257.0,2407.4383889999976
196,1838.0,257.0,2356.510050999999
197,1847.0,257.0,2364.3776620000062
198,1855.0,257.0,2458.055526000002
199,1862.0,257.0,2337.984914999999
200,1868.0,257.0,2409.9698190000013
201,1881.0,257.0,2409.0331430000015
202,1893.0,257.0,2389.2868169999956
203,1904.0,257.0,2387.9853950000042
204,1914.0,257.0,2391.668507999999
205,1931.0,257.0,2442.935188000001
206,1947.0,257.0,2428.5805849999965
207,1962.0,257.0,2432.240406
208,1976.0,257.0,2444.575719999997
209,1985.0,257.0,2422.480795000001
210,1993.0,257.0,2401.244502000002
211,2000.0,257.0,2461.6307740000007
212,2006.0,257.0,2464.792380999998
213,2011.0,257.0,2449.791858000001
214,2015.0,257.0,2544.6409919999965
215,2018.0,257.0,2576.195813000004
216,2020.0,257.0,2493.3496479999985
217,2037.0,257.0,2493.8083870000005
218,2053.0,257.0,2545.1489670000005
219,2068.0,257.0,2506.6220449999996
220,2082.0,257.0,2513.952438000005
221,2095.0,257.0,2568.7375119999997
222,2107.0,257.0,2614.892315999994
223,2118.0,257.0,2488.1718510000032
224,2128.0,257.0,2541.129820999996
225,2141.0,257.0,2541.253575000005
226,2153.0,257.0,2640.914985999997
227,2164.0,257.0,2758.5637619999966
228,2174.0,257.0,2619.4276300000033
229,2191.0,257.0,2590.277438999998
230,2207.0,257.0,2615.4142449999986
231,2222.0,257.0,2623.8551369999986
232,2236.0,257.0,2670.4799810000004
233,2241.0,257.0,2697.529641
234,2245.0,257.0,2720.948100999998
235,2248.0,257.0,2643.694200999997
236,2250.0,257.0,2647.904814
237,2259.0,257.0,2678.7817919999998
238,2267.0,257.0,2734.2932079999987
239,2274.0,257.0,2772.981057
240,2280.0,257.0,2680.2827480000014
241,2297.0,257.0,2804.489132999998
242,2313.0,257.0,2665.7334079999996
243,2328.0,257.0,2738.2023630000003
244,2342.0,257.0,2769.4536700000012
245,2355.0,257.0,2796.750247
246,2367.0,257.0,2760.1573989999997
247,2378.0,257.0,2827.058058999999
248,2388.0,257.0,2817.692236999995
249,2397.0,257.0,2825.4332999999974
250,2405.0,257.0,2833.359092999999
251,2412.0,257.0,2861.3556809999995
252,2418.0,257.0,2913.400893999997
253,2423.0,257.0,2855.2714180000035
254,2427.0,257.0,2920.918300000003
255,2430.0,257.0,2829.191180000001
