input,basicOps,recursionCount,time
0,0.0,257.0,0.00907127
1,2.0,257.0,0.008642390000000002
2,5.0,257.0,0.007959860000000001
3,9.0,257.0,0.00877282
4,14.0,257.0,0.01048939
5,20.0,257.0,0.01051323
6,27.0,257.0,0.011966059999999999
7,35.0,257.0,0.013073669999999999
8,44.0,257.0,0.013617600000000002
9,54.0,257.0,0.01444772
10,65.0,257.0,0.01578335
11,77.0,257.0,0.017995279999999995
12,90.0,257.0,0.018889120000000002
13,104.0,257.0,0.01932407
14,119.0,257.0,0.02162515
15,135.0,257.0,0.022063259999999998
16,152.0,257.0,0.02349409
17,158.0,257.0,0.02459198
18,165.0,257.0,0.027456099999999994
19,173.0,257.0,0.03701975000000001
20,182.0,257.0,0.0298724
21,184.0,257.0,0.029819150000000006
22,187.0,257.0,0.03318438
23,191.0,257.0,0.027992480000000004
24,196.0,257.0,0.033201209999999995
25,210.0,257.0,0.041147420000000004
26,225.0,257.0,0.037330920000000004
27,241.0,257.0,0.03904674000000001
28,258.0,257.0,0.03557056
29,268.0,257.0,0.03943471
30,279.0,257.0,0.045710890000000004
31,291.0,257.0,0.04297044
32,304.0,257.0,0.046227769999999994
33,314.0,257.0,0.050769169999999995
34,325.0,257.0,0.04933031
35,337.0,257.0,0.052874359999999995
36,350.0,257.0,0.054774220000000005
37,364.0,257.0,0.05221101
38,379.0,257.0,0.06214561999999999
39,395.0,257.0,0.062014610000000005
40,412.0,257.0,0.06414123999999999
41,414.0,257.0,0.06519328
42,417.0,257.0,0.06574052
43,421.0,257.0,0.06874376
44,426.0,257.0,0.06114972
45,432.0,257.0,0.060362740000000005
46,439.0,257.0,0.07073080000000001
47,447.0,257.0,0.06942622999999999
48,456.0,257.0,0.07412968
49,470.0,257.0,0.08584171
50,485.0,257.0,0.07856060000000001
51,501.0,257.0,0.08166934999999999
52,518.0,257.0,0.08600605
53,528.0,257.0,0.07296038999999999
54,539.0,257.0,0.18754458999999996
55,551.0,257.0,0.08101012999999999
56,564.0,257.0,0.08823617999999998
57,570.0,257.0,0.08711352000000001
58,577.0,257.0,0.08246206999999998
59,585.0,257.0,0.08447054999999999
60,594.0,257.0,0.09743645
61,596.0,257.0,0.09655334
62,599.0,257.0,0.09904557
63,603.0,257.0,0.09026892
64,608.0,257.0,0.09594355
65,611.0,257.0,0.09822524999999999
66,613.0,257.0,0.09893197000000001
67,618.0,257.0,0.09942221999999999
68,622.0,257.0,0.09705654
69,629.0,257.0,0.09976278000000001
70,635.0,257.0,0.09941637
71,644.0,257.0,0.09987861
72,652.0,257.0,0.0967413
73,663.0,257.0,0.10163866000000002
74,673.0,257.0,0.10262972
75,686.0,257.0,0.10184917
76,698.0,257.0,0.10742726999999999
77,713.0,257.0,0.11124207
78,727.0,257.0,0.10735177
79,744.0,257.0,0.11433043000000001
80,760.0,257.0,0.12018812000000001
81,767.0,257.0,0.12215321000000001
82,773.0,257.0,0.12433509000000002
83,782.0,257.0,0.11900407999999998
84,790.0,257.0,0.13513344
85,793.0,257.0,0.11097604999999999
86,795.0,257.0,0.11052420999999998
87,800.0,257.0,0.1257837
88,804.0,257.0,0.12498321000000001
89,819.0,257.0,0.17018055999999998
90,833.0,257.0,0.12958353
91,850.0,257.0,0.13143934
92,866.0,257.0,0.11723534
93,877.0,257.0,0.12482889
94,887.0,257.0,0.12645709
95,900.0,257.0,0.13116993
96,912.0,257.0,0.13442952999999996
97,923.0,257.0,0.13656597
98,933.0,257.0,0.29420629000000004
99,946.0,257.0,0.12771448999999999
100,958.0,257.0,0.13828681
101,973.0,257.0,0.18911522
102,987.0,257.0,0.18780315
103,1004.0,257.0,0.15295381
104,1020.0,257.0,0.13076016000000001
105,1023.0,257.0,0.14457383999999998
106,1025.0,257.0,0.15390692
107,1030.0,257.0,0.1427311
108,1034.0,257.0,0.14242496
109,1041.0,257.0,0.1510084
110,1047.0,257.0,0.15570901999999998
111,1056.0,257.0,0.15952188000000003
112,1064.0,257.0,0.31839174
113,1079.0,257.0,0.1588998
114,1093.0,257.0,0.15962262
115,1110.0,257.0,0.16379721
116,1126.0,257.0,0.1687548
117,1137.0,257.0,0.166432
118,1147.0,257.0,0.17353682
119,1160.0,257.0,0.16740671999999998
120,1172.0,257.0,0.17137380000000002
121,1179.0,257.0,0.1775817
122,1185.0,257.0,0.17811854
123,1194.0,257.0,0.17603777
124,1202.0,257.0,0.17707579
125,1205.0,257.0,0.17883726000000003
126,1207.0,257.0,0.17476851
127,1212.0,257.0,0.17619373
128,1216.0,257.0,0.18267455999999999
129,1220.0,257.0,0.18433146000000003
130,1225.0,257.0,0.18814984000000004
131,1227.0,257.0,0.1881235
132,1230.0,257.0,0.17590519999999998
133,1238.0,257.0,0.18360417999999998
134,1247.0,257.0,0.19024817
135,1253.0,257.0,0.18441601000000002
136,1260.0,257.0,0.18348637
137,1272.0,257.0,0.18756093
138,1285.0,257.0,0.18603984
139,1295.0,257.0,0.18614393999999995
140,1306.0,257.0,0.18966212
141,1322.0,257.0,0.18944623000000002
142,1339.0,257.0,0.19145362999999999
143,1353.0,257.0,0.18907269000000002
144,1368.0,257.0,0.19122483
145,1376.0,257.0,0.18819983
146,1385.0,257.0,0.19746148999999996
147,1391.0,257.0,0.1925534
148,1398.0,257.0,0.19240617
149,1402.0,257.0,0.19597861
150,1407.0,257.0,0.19836309
151,1409.0,257.0,0.21262857999999998
152,1412.0,257.0,0.21445952
153,1428.0,257.0,0.20684277000000004
154,1445.0,257.0,0.21171047
155,1459.0,257.0,0.21123745
156,1474.0,257.0,0.21749981
157,1486.0,257.0,0.22033324000000004
158,1499.0,257.0,0.21369338
159,1509.0,257.0,0.21769811000000003
160,1520.0,257.0,0.22243301
161,1532.0,257.0,0.21894429999999998
162,1545.0,257.0,0.2192138
163,1555.0,257.0,0.22694855000000005
164,1566.0,257.0,0.22664805000000002
165,1582.0,257.0,0.23928331999999997
166,1599.0,257.0,0.22755258
167,1613.0,257.0,0.23392673999999997
168,1628.0,257.0,0.23579497
169,1632.0,257.0,0.23787435
170,1637.0,257.0,0.28063061000000006
171,1639.0,257.0,0.23541919
172,1642.0,257.0,0.23132862000000004
173,1650.0,257.0,0.23331132000000002
174,1659.0,257.0,0.23354903000000005
175,1665.0,257.0,0.3736351
176,1672.0,257.0,0.2287916
177,1688.0,257.0,0.22282317
178,1705.0,257.0,0.22410532
179,1719.0,257.0,0.22331377
180,1734.0,257.0,0.22728954999999998
181,1746.0,257.0,0.22948007
182,1759.0,257.0,0.23028682999999997
183,1769.0,257.0,0.24371994999999996
184,1780.0,257.0,0.21723531000000001
185,1788.0,257.0,0.21769855999999996
186,1797.0,257.0,0.22297129
187,1803.0,257.0,0.21786698
188,1810.0,257.0,0.22091213999999998
189,1814.0,257.0,0.22080242
190,1819.0,257.0,0.21985914
191,1821.0,257.0,0.21999232000000002
192,1824.0,257.0,0.22254362
193,1829.0,257.0,0.21991971999999999
194,1833.0,257.0,0.21904062000000005
195,1836.0,257.0,0.22224796999999996
196,1838.0,257.0,0.22251343
197,1847.0,257.0,0.22990367000000003
198,1855.0,257.0,0.22563223000000004
199,1862.0,257.0,0.23161649999999998
200,1868.0,257.0,0.22184224000000002
201,1881.0,257.0,0.22468711
202,1893.0,257.0,0.22399494000000003
203,1904.0,257.0,0.22515153000000004
204,1914.0,257.0,0.22429921999999997
205,1931.0,257.0,0.22973830000000003
206,1947.0,257.0,0.23551620000000004
207,1962.0,257.0,0.21025038999999998
208,1976.0,257.0,0.22358229999999998
209,1985.0,257.0,0.23159056999999997
210,1993.0,257.0,0.22474675
211,2000.0,257.0,0.23070185999999998
212,2006.0,257.0,0.23331485999999999
213,2011.0,257.0,0.23499772000000002
214,2015.0,257.0,0.23641989
215,2018.0,257.0,0.23382737999999997
216,2020.0,257.0,0.23212335
217,2037.0,257.0,0.22923311000000002
218,2053.0,257.0,0.2378577
219,2068.0,257.0,0.23887897000000002
220,2082.0,257.0,0.23857015
221,2095.0,257.0,0.2374667
222,2107.0,257.0,0.24912331000000004
223,2118.0,257.0,0.25371582000000004
224,2128.0,257.0,0.2536493
225,2141.0,257.0,0.26043455
226,2153.0,257.0,0.24101755999999996
227,2164.0,257.0,0.2642991
228,2174.0,257.0,0.2755455400000001
229,2191.0,257.0,0.27430616
230,2207.0,257.0,0.27469603
231,2222.0,257.0,0.30762304
232,2236.0,257.0,0.27475861
233,2241.0,257.0,0.26488144
234,2245.0,257.0,0.26431083
235,2248.0,257.0,0.26522397999999997
236,2250.0,257.0,0.26970263
237,2259.0,257.0,0.25876927
238,2267.0,257.0,0.26014126000000004
239,2274.0,257.0,0.25922099000000004
240,2280.0,257.0,0.26671925
241,2297.0,257.0,0.26318306
242,2313.0,257.0,0.26430296
243,2328.0,257.0,0.27047443000000004
244,2342.0,257.0,0.27102280999999995
245,2355.0,257.0,0.27170404000000004
246,2367.0,257.0,0.27255377
247,2378.0,257.0,0.27431098
248,2388.0,257.0,0.27215371000000005
249,2397.0,257.0,0.27688965000000004
250,2405.0,257.0,0.27521796000000004
251,2412.0,257.0,0.27798773
252,2418.0,257.0,0.27648633
253,2423.0,257.0,0.28736752
254,2427.0,257.0,0.27806909999999996
255,2430.0,257.0,0.27619735
