input,basicOps,recursionCount,time
0,0.0,257.0,0.013658349999999996
1,9.2,257.0,0.011874249999999998
2,18.6,257.0,0.05402505000000002
3,27.7,257.0,0.026050499999999997
4,37.15,257.0,0.0318858
5,46.2,257.0,0.04044265
6,55.0,257.0,0.04781865
7,62.85,257.0,0.05573209999999999
8,71.3,257.0,0.07754315
9,80.05,257.0,0.07618390000000001
10,88.35,257.0,0.09319445000000001
11,97.85,257.0,0.09085554999999998
12,107.7,257.0,0.17593575
13,116.25,257.0,0.10168645000000001
14,127.1,257.05,0.8314396499999999
15,137.75,257.3,0.3938247
16,147.4,257.3,0.1921749
17,156.15,257.3,0.14951739999999997
18,165.25,257.3,0.14521750000000003
19,175.35,257.3,0.29314889999999993
20,184.7,257.3,0.2731096999999999
21,195.6,258.0,0.19237109999999996
22,203.95,258.0,0.2547783
23,215.25,258.2,0.2360678
24,225.8,258.25,0.24717859999999997
25,236.8,258.35,0.21349090000000004
26,248.55,258.35,0.25351115
27,260.15,258.75,0.22512054999999992
28,269.45,258.8,0.23077585000000003
29,280.15,258.8,0.3619122
30,290.15,258.8,0.27074049999999994
31,299.15,258.8,0.30995160000000005
32,311.2,258.9,0.27823584999999995
33,320.0,258.9,0.29381904999999997
34,332.55,259.55,0.4066668
35,343.35,259.55,0.4972629999999999
36,353.75,259.55,2.62412515
37,363.15,259.55,0.42049249999999994
38,374.85,260.2,0.30244474999999993
39,386.1,260.35,0.33149029999999996
40,397.3,260.9,0.51194275
41,412.35,261.4,0.5912759
42,431.35,264.1,0.34612655000000003
43,452.3,264.85,0.39895990000000003
44,462.05,265.4,1.3178872499999998
45,470.95,265.4,0.3796947
46,493.05,268.75,0.6426358
47,520.6,271.85,0.4959613
48,545.6,272.9,0.4572262
49,559.1,273.6,0.68412915
50,584.65,275.95,2.7208214500000008
51,631.55,284.75,0.64801605
52,643.5,285.25,1.4186793000000002
53,685.0,292.05,0.6709942500000001
54,701.35,292.55,0.62480945
