input,basicOps,recursionCount,time
0,0.0,257.0,0.0119762
1,8.8,257.0,0.02585765
2,17.2,257.0,0.020425049999999997
3,25.9,257.0,0.03541575000000001
4,35.6,257.0,0.03574714999999999
5,44.55,257.0,0.040712450000000004
6,54.1,257.0,0.05112549999999999
7,63.1,257.0,0.052197099999999996
8,72.0,257.0,0.06547440000000002
9,81.4,257.0,0.06937979999999999
10,90.4,257.0,0.07631649999999998
11,100.6,257.0,0.08092745
12,108.0,257.0,0.10757239999999994
13,115.8,257.0,0.09785089999999999
14,125.65,257.0,0.10579540000000003
15,135.7,257.0,0.12720179999999998
16,146.1,257.0,0.11980555
17,155.65,257.0,0.16010865000000002
18,163.9,257.0,0.1531261
19,172.45,257.0,0.14572310000000002
20,182.0,257.0,0.15299239999999997
21,193.8,257.45,0.20675239999999998
22,203.8,257.45,0.18325055000000004
23,212.3,257.45,0.18196119999999996
24,223.3,257.95,0.19551480000000002
25,232.0,257.95,0.26932845000000005
26,240.55,257.95,0.21543984999999996
27,249.8,257.95,0.21577725
28,258.4,257.95,0.5001549000000001
29,269.1,258.1,0.39412965000000005
30,278.9,258.1,0.46351060000000005
31,289.05,258.1,0.29152355
32,300.3,258.25,0.24219540000000003
33,315.2,258.95,0.27099805000000005
34,327.25,259.0,0.33810294999999996
35,337.2,259.1,0.38083360000000005
36,347.9,259.15,0.30083435000000003
37,359.55,259.7,0.31041835000000007
38,373.8,260.5,0.30179959999999995
39,384.05,260.5,0.3160859
40,396.15,261.2,0.33930095000000005
41,409.25,261.5,0.6146851500000001
42,423.05,262.25,0.60598175
43,435.35,262.65,0.43791114999999986
44,446.9,262.75,0.4872151999999999
45,456.9,262.75,0.57038465
46,470.55,263.6,0.43218309999999993
47,485.5,265.3,0.4468743999999999
48,494.1,265.3,0.40079135
49,507.0,265.6,0.5046124000000002
50,521.05,266.7,0.5948149
51,535.45,267.75,0.57801835
52,546.9,267.9,0.5337212
53,563.5,268.6,0.9526333499999999
54,577.15,268.95,0.8254681999999999
55,588.75,269.1,0.51129995
56,602.1,269.1,0.9373547000000002
57,623.65,271.2,0.72015595
58,675.15,278.95,0.6766685499999999
59,714.7,287.55,0.5910643499999999
