input,basicOps,recursionCount,time
0,0.0,257.0,0.006839670000000001
1,9.94,257.0,0.009890860000000003
2,19.51,257.0,0.016437680000000007
3,28.28,257.0,0.021471059999999997
4,36.94,257.0,0.027735199999999995
5,46.16,257.0,0.0326843
6,56.16,257.0,0.04245597999999999
7,65.6,257.0,0.04884981
8,75.46,257.0,0.05267746000000001
9,84.55,257.0,0.06869418
10,94.05,257.01,0.06825458999999996
11,104.33,257.01,0.10461792000000003
12,113.8,257.01,0.09897700999999996
13,123.84,257.14,0.08949771000000005
14,134.57,257.14,0.18016026000000007
