input,basicOps,recursionCount,time
0,0.0,82.0,0.0027396599999999997
1,5.8,82.0,0.007300409999999996
2,11.88,82.0,0.00874442
3,17.91,82.03,0.028489220000000003
4,23.95,82.03,0.01799724
5,29.8,82.03,0.01908685
6,36.02,82.03,0.053554470000000014
7,41.68,82.04,0.03432001000000001
8,48.17,82.08,0.11146737999999998
9,54.72,82.19,0.03786743000000001
10,61.01,82.28,0.038642699999999995
11,67.8,82.73,0.055351179999999986
12,74.74,82.98,0.0435471
13,82.69,83.41,0.05205441999999999
14,88.82,83.43,0.05092173999999999
