input,basicOps,recursionCount,time
0,0.0,257.0,0.007056019999999999
1,8.48,257.0,0.012656780000000003
2,17.58,257.0,0.022370519999999998
3,27.2,257.0,0.025784920000000006
4,35.56,257.0,0.030130300000000006
5,45.38,257.0,0.04259529999999998
6,55.88,257.0,0.05096864
7,65.12,257.0,0.052453920000000015
8,74.56,257.0,0.05787509999999999
9,83.96,257.0,0.07086708
10,94.42,257.0,0.06667314000000002
11,104.1,257.0,0.07536643999999998
12,113.92,257.0,0.08636176000000001
13,125.16,257.0,0.08926076
14,135.78,257.2,0.16654590000000002
15,145.44,257.2,0.12149751999999997
16,154.42,257.2,0.11529376000000001
17,163.14,257.2,0.12073065999999995
18,172.8,257.2,0.12983617999999997
19,182.5,257.2,0.1427897
