input,basicOps,recursionCount,time
0,0.0,257.0,0.0050155
1,10.3,257.0,0.010389800000000001
2,18.9,257.0,0.016824199999999997
3,27.0,257.0,0.029223600000000006
4,37.45,257.0,0.031115300000000002
5,48.8,257.0,0.04106264999999999
6,59.95,257.0,0.046908599999999995
7,70.05,257.0,0.05469985000000001
8,79.05,257.0,0.06802609999999999
9,89.15,257.0,0.1480104
10,99.3,257.0,0.0743851
11,109.5,257.0,0.08241945000000002
12,119.75,257.0,0.09263864999999999
13,131.15,257.0,0.10358714999999999
14,139.5,257.0,0.10728035
15,148.15,257.0,0.11311894999999998
16,157.95,257.0,0.12916634999999999
17,168.25,257.0,0.16478805
18,176.95,257.0,0.15866100000000002
19,185.55,257.0,0.15679755
20,195.0,257.0,0.1577251
21,203.7,257.0,0.16528085
22,213.1,257.0,0.16961169999999998
23,223.9,257.0,0.21438385
24,232.45,257.0,0.3331459499999999
25,240.8,257.0,0.19828425000000002
26,250.25,257.0,0.22185654999999999
27,260.7,257.0,0.21362750000000003
28,269.45,257.0,0.28278935
29,280.05,257.15,0.8316372000000001
30,291.7,257.5,0.27899989999999997
31,301.5,257.5,0.24390074999999997
32,314.1,257.95,0.26748779999999994
33,322.1,257.95,0.3908208
34,333.1,258.2,0.27778535
35,342.4,258.2,0.27596305
36,355.25,258.75,0.29456420000000005
37,364.95,258.75,0.3393554
38,377.55,258.9,0.31040900000000005
39,387.75,259.0,0.48892644999999996
40,398.7,259.1,0.5404468
41,407.7,259.25,1.13856305
42,419.3,259.3,0.37563870000000005
43,443.5,262.85,0.4313937000000001
44,462.45,266.1,0.41056425
45,474.8,266.15,0.4198889
46,491.45,267.2,0.7107852500000001
47,506.1,267.6,0.63732405
48,519.75,268.1,0.41837345
49,529.65,268.1,0.6481096999999999
50,540.8,268.35,0.4587403500000001
51,569.65,272.15,0.45229125000000003
52,586.7,273.5,0.68587255
53,598.8,273.6,0.5985171499999999
54,633.3,278.8,0.50233385
