input,basicOps,recursionCount,time
0,0.0,257.0,0.00526065
1,8.6,257.0,0.010232349999999998
2,17.7,257.0,0.01620915
3,25.85,257.0,0.021409
4,35.45,257.0,0.0264969
5,43.85,257.0,0.03432
6,53.95,257.0,0.04455465
7,63.8,257.0,0.046704150000000014
8,74.5,257.0,0.0542118
9,81.95,257.0,0.056677
10,91.95,257.0,0.06485070000000001
11,101.95,257.0,0.06854685
12,111.65,257.0,0.07972114999999999
13,120.65,257.0,0.0825764
14,132.55,257.0,0.09210805
15,141.45,257.0,0.094915
16,151.05,257.0,0.1014496
17,161.35,257.2,0.11622139999999999
18,170.8,257.2,0.12280209999999998
19,181.3,257.25,0.12613895
20,189.9,257.9,0.1412881
21,200.45,258.25,0.14558254999999998
22,209.05,258.25,0.1473105
23,218.5,258.25,0.15647554999999996
24,227.4,258.25,0.16004945
25,237.75,258.25,0.17370409999999997
26,250.6,258.55,0.18086534999999998
27,260.1,258.55,0.1913309
28,271.1,258.55,0.1998975
29,282.25,258.55,0.2048152
30,291.1,258.55,0.20838835000000003
31,304.65,259.15,0.21317735
32,316.45,259.45,0.2222356
33,326.75,259.45,0.23338830000000002
34,335.75,259.45,0.2557165
35,346.7,259.45,0.24788265000000004
36,354.6,259.45,0.27758130000000003
37,368.7,260.5,0.2724563
38,379.3,260.5,0.26827555000000003
39,389.0,260.5,0.34080809999999995
40,399.75,260.5,0.28244710000000006
41,414.45,261.35,0.32763765
42,423.15,261.35,0.3795775999999999
43,434.65,261.6,0.33027864999999995
44,445.9,262.05,0.3407661
45,453.85,262.05,0.33393120000000004
46,472.9,263.6,0.35338085
47,484.5,264.1,0.36542224999999995
48,494.75,264.2,0.35416495
49,504.7,264.4,0.4313601
50,518.95,264.6,0.3982335
51,543.25,268.55,0.3967422
52,555.75,268.8,0.5225991999999999
53,565.8,268.8,0.41396514999999995
54,578.5,269.35,0.5029279000000001
55,591.45,269.65,0.4928627
56,617.45,273.0,0.5516529499999999
57,630.75,273.35,0.51678625
58,647.95,274.15,0.64164035
59,659.4,274.55,0.5862602499999999
60,750.15,291.55,0.6392059499999999
61,776.5,294.15,0.58484585
62,804.0,295.5,0.6609118999999999
63,843.3,298.95,0.71525525
64,858.35,299.85,0.65431425
65,882.65,301.05,0.8757047
66,902.25,303.4,0.6573666499999999
67,930.0,306.15,0.7211193000000001
68,984.1,311.65,0.8656803
69,1078.25,329.6,0.7960239
70,1134.75,334.6,0.8089725
71,1207.9,345.25,0.8484554499999998
72,1239.6,348.05,0.8687098000000001
73,1268.85,349.9,0.9132325
74,1305.1,355.1,0.9038574499999997
75,1409.3,373.55,0.99882185
76,1465.35,381.1,0.9636199999999999
77,1502.25,383.4,1.0098543999999998
78,1620.9,398.75,1.1654888
79,1688.1,405.45,1.0981964999999998
80,1757.25,412.2,1.1404561999999998
81,1966.4,438.35,1.2619303
82,2297.2,487.45,1.5569875
83,2385.05,496.0,1.5217702999999996
84,2453.05,501.1,1.6212805000000003
85,2918.95,566.3,1.8737202000000004
86,3138.85,590.9,2.1139969
87,3733.4,668.0,2.4660415999999996
88,4193.1,727.3,2.7693287499999992
89,4811.8,794.2,3.0610980000000003
90,5359.0,857.45,3.603621999999999
91,6067.05,949.3,4.09817025
92,6449.8,995.3,4.327142349999999
93,6631.4,1012.05,4.3558790499999995
94,8253.5,1207.55,5.5464607
95,9472.95,1371.8,6.74213395
96,11144.35,1514.65,6.9797394
97,11763.3,1593.45,7.333055250000001
98,12295.35,1649.75,7.5663898000000005
99,16061.65,2079.7,9.970510699999997
100,18194.1,2312.1,12.2476532
101,19906.35,2505.9,13.866562049999999
102,25137.4,3035.4,15.979199099999999
103,33712.85,3821.55,22.0887564
104,37788.45,4177.65,24.0277783
105,50004.35,5484.7,32.8638032
106,57060.5,6268.85,41.4862436
107,65336.6,7033.35,47.3818475
108,99325.7,10452.9,69.5395101
109,128014.3,13288.35,92.41272085
110,142601.75,15005.65,98.24331285
111,154613.0,16413.2,120.0318706
112,171816.75,18419.65,129.56834845
113,218274.75,23463.3,147.73632250000003
114,275625.7,29774.4,186.23105019999997
115,530979.9,54547.75,359.13550434999996
116,1294934.25,131204.0,838.1415633999999
117,1820330.3,181849.4,1159.2386844
118,2624637.5,263104.1,1656.8147969999998
119,3548242.05,348958.15,2336.3906303999997
