input,basicOps,recursionCount,time
0,0.0,257.0,0.0074492000000000004
1,11.45,257.0,0.012375800000000001
2,22.1,257.0,0.028306899999999996
3,30.8,257.0,0.027670950000000007
4,43.05,257.0,0.061938549999999995
5,53.3,257.0,0.0403563
6,60.75,257.0,0.057726200000000005
7,68.9,257.0,0.056069249999999994
8,80.6,257.0,0.05920445
9,89.35,257.0,0.07273725000000002
10,100.6,257.0,0.08212784999999999
11,109.85,257.0,0.08226375000000002
12,118.6,257.0,0.0832637
13,127.9,257.05,0.10168424999999999
14,135.7,257.05,0.18813470000000002
15,145.0,257.05,0.10653030000000001
16,155.25,257.05,0.12153430000000001
17,164.7,257.05,0.13824190000000003
18,174.8,257.05,0.24804015000000001
19,183.35,257.05,0.17479610000000004
20,192.65,257.05,0.2206813
21,206.15,258.75,0.16078994999999996
22,217.95,258.75,0.18099914999999997
23,227.0,258.75,0.20902070000000003
24,235.9,258.75,0.1919592
25,245.15,258.75,0.17773060000000002
26,255.7,258.75,0.19366469999999997
27,267.85,258.8,0.22934715
28,278.4,258.85,0.23404380000000002
29,287.35,258.85,0.25767159999999995
30,298.35,258.85,0.30162395
31,310.6,259.0,0.24191605000000002
32,322.7,259.85,0.28786130000000004
33,332.3,259.85,0.36524104999999996
34,348.55,260.5,0.2879219
35,372.85,264.65,0.35139544999999994
36,383.55,264.65,0.32535824999999996
37,394.9,265.0,0.31015224999999996
38,406.8,265.4,0.31387044999999997
39,429.5,269.0,0.33914165
40,439.1,269.2,0.4104281500000001
41,450.95,269.3,0.52037125
42,460.2,269.3,0.7295616000000001
43,471.0,269.35,0.6945383499999999
44,508.25,277.5,0.8757735999999999
45,523.0,278.8,0.9218591500000001
46,534.45,278.85,0.40796705000000005
47,551.55,280.45,0.4418006
48,564.5,280.7,0.4898600999999999
49,576.45,280.9,0.49218585
50,587.55,281.2,0.5826357
51,600.55,281.85,0.62472435
52,613.7,282.3,0.5333336000000001
53,652.0,288.8,0.55045005
54,668.2,289.2,0.52049285
55,677.7,289.2,3.1315481500000004
56,735.05,298.65,0.7044949
57,746.55,298.9,0.65420055
58,776.65,302.7,0.7214599999999999
59,793.7,304.4,2.195207
60,849.75,314.8,0.81208895
61,882.65,319.7,0.7212268
62,943.35,327.8,1.0208821499999998
63,962.5,328.6,0.81349805
64,1019.45,332.9,0.8331561500000001
65,1031.9,333.0,1.2457953500000003
66,1052.4,333.85,0.97736705
67,1070.15,334.35,0.81650645
68,1114.95,341.0,1.0031667499999999
69,1151.0,345.55,1.1079453499999998
70,1209.5,352.1,1.4727827
71,1271.4,361.3,1.07557355
72,1314.25,365.0,1.88463785
73,1377.1,370.9,1.1820912499999998
74,1529.05,387.25,1.3166058999999999
75,1621.65,395.95,1.7077168
76,1674.95,401.6,1.5388403499999999
77,1736.7,405.2,1.3966829500000002
78,1768.5,407.6,1.4479623499999998
79,1883.5,427.35,1.67616435
80,1985.75,439.35,2.80920085
81,2039.7,445.05,1.6848090999999996
82,2291.5,469.8,2.0554098000000005
83,2325.7,472.55,2.0450661
84,2483.95,493.6,2.1969896999999996
85,2531.25,497.35,8.616132949999999
86,2780.25,530.3,3.0564070500000007
87,2946.95,549.7,2.8399585499999995
88,3182.7,575.75,2.3510349
89,3953.35,664.8,6.218656549999998
90,4072.95,677.5,3.35031125
91,4449.9,719.05,3.49443325
92,4840.25,780.8,5.413460650000001
93,5433.2,860.3,4.334974
94,6235.4,961.3,6.4156695
95,6750.95,1043.4,6.2645332499999995
96,7171.6,1095.85,8.718791750000001
97,8516.55,1263.9,9.576086049999999
98,9124.0,1346.75,12.849678650000001
99,9840.55,1415.25,9.219908199999999
