input,basicOps,recursionCount,time
0,0.0,82.0,0.0021257000000000003
1,6.24,82.0,0.004804840000000001
2,12.14,82.0,0.007683810000000001
3,18.04,82.0,0.015971799999999994
4,23.72,82.0,0.012985110000000001
5,29.52,82.0,0.02764371
6,35.59,82.0,0.042585059999999994
7,41.77,82.0,0.02230477
8,48.58,82.0,0.029342979999999998
9,55.25,82.05,0.033826669999999996
10,61.48,82.09,0.060401489999999995
11,67.86,82.15,0.03752702
12,74.06,82.17,0.040527810000000004
13,80.2,82.19,0.04260995000000002
14,86.89,82.55,0.05137294000000001
15,93.59,82.8,0.2244992400000002
16,101.9,83.35,0.08111293999999997
17,109.8,83.76,0.10410216
18,116.73,83.88,0.07305109999999998
19,126.31,84.83,0.07543278
20,133.93,85.17,0.07522366000000003
21,142.52,85.71,0.11140487999999998
22,152.43,86.61,0.09455562000000003
23,162.79,87.55,0.25614536999999993
24,179.33,89.93,0.23369389999999998
25,192.02,91.25,0.14661892
26,203.7,92.46,0.13551142000000005
27,222.67,95.22,0.3125551300000001
28,244.8,97.95,0.19309890000000002
29,268.1,101.3,0.5156739499999999
30,292.21,104.7,0.31043636999999996
31,314.54,107.92,0.22358025
32,337.67,110.9,0.24276314000000007
33,375.68,116.32,0.28812594999999996
34,452.36,128.9,0.27477275999999995
35,519.85,139.47,0.31609315
36,594.77,151.69,0.36302246999999993
37,649.29,159.1,0.5811377299999999
38,764.16,177.28,0.52310992
39,955.4,206.72,0.6598636
40,1211.6,245.44,1.0540937099999999
41,1592.43,304.67,1.3526463699999995
42,1823.94,332.94,1.25361921
43,2388.28,410.8,1.8124597400000007
44,3585.69,599.98,3.37553624
