input,basicOps,recursionCount,time
10,41.0,18.0,0.0104691
8,23.0,17.0,0.006412400000000001
5,17.0,17.0,0.0044104
9,32.0,17.0,0.008236499999999999
9,56.0,24.0,0.032508800000000004
10,33.0,17.0,0.0092243
9,49.0,23.0,0.0119381
11,40.0,17.0,0.013053399999999998
11,40.0,17.0,0.0095988
8,33.0,19.0,0.0085014
11,58.0,21.0,0.0148983
9,36.0,17.0,0.008490900000000001
9,49.0,22.0,0.010983300000000001
8,26.0,17.0,0.0087079
9,31.0,17.0,0.009591200000000001
10,31.0,17.0,0.0086893
8,31.0,17.0,0.0135908
10,50.0,21.0,0.013817699999999999
10,50.0,22.0,0.016571899999999997
10,36.0,17.0,0.013030400000000001
9,29.0,17.0,0.0079489
10,37.0,17.0,0.0084523
12,48.0,18.0,0.012253
6,23.0,20.0,0.0063262
6,20.0,17.0,0.0047779
9,39.0,20.0,0.0092324
9,32.0,17.0,0.008108100000000002
10,35.0,17.0,0.008472999999999998
7,24.0,17.0,0.0059612
9,30.0,17.0,0.007441499999999999
6,22.0,17.0,0.005706299999999999
9,36.0,17.0,0.0081063
10,60.0,26.0,0.0140816
11,47.0,19.0,0.0111704
5,13.0,17.0,0.0037663999999999996
10,34.0,17.0,0.0088039
10,39.0,17.0,0.049305100000000004
10,120.0,37.0,0.0274899
10,46.0,19.0,0.011613000000000002
5,20.0,17.0,0.0048214
10,34.0,17.0,0.008432899999999998
7,29.0,18.0,0.007219000000000001
9,34.0,20.0,0.0087903
11,86.0,29.0,0.020450000000000003
10,47.0,20.0,0.0130475
11,38.0,17.0,0.010336599999999998
10,32.0,17.0,0.008056999999999998
8,30.0,18.0,0.008081600000000001
8,38.0,20.0,0.0094949
12,67.0,23.0,0.017077799999999997
9,34.0,17.0,0.007895399999999999
9,36.0,17.0,0.0077085
9,46.0,21.0,0.011140899999999999
10,38.0,18.0,0.010402
10,35.0,17.0,0.008383799999999999
5,21.0,18.0,0.0076113
5,19.0,17.0,0.0049327
11,50.0,19.0,0.014188000000000001
10,32.0,17.0,0.0224561
9,33.0,17.0,0.0081733
10,56.0,23.0,0.0129573
8,29.0,17.0,0.006684
10,37.0,17.0,0.0099396
9,37.0,18.0,0.009579100000000002
12,60.0,20.0,0.0160482
6,23.0,18.0,0.0060385000000000005
7,23.0,17.0,0.006680500000000001
10,50.0,21.0,0.0113959
7,24.0,17.0,0.0060441
11,52.0,22.0,0.0131664
9,32.0,17.0,0.0083122
10,47.0,22.0,0.011343899999999999
11,43.0,17.0,0.0104159
7,23.0,17.0,0.006321500000000001
7,22.0,17.0,0.0060596999999999995
6,21.0,17.0,0.005292100000000001
10,51.0,20.0,0.012397700000000001
10,62.0,23.0,0.0147214
8,29.0,17.0,0.0068969
5,17.0,17.0,0.0044129
7,24.0,17.0,0.0059280999999999995
6,21.0,17.0,0.005080199999999998
10,36.0,17.0,0.0087033
12,150.0,43.0,0.037146700000000005
6,25.0,17.0,0.0056213
8,32.0,18.0,0.0080585
11,46.0,18.0,0.0117296
9,30.0,17.0,0.007772800000000001
6,23.0,19.0,0.006012700000000001
10,61.0,27.0,0.015220999999999998
12,54.0,20.0,0.015352200000000002
9,28.0,17.0,0.0074964
6,23.0,17.0,0.0058557999999999995
8,28.0,17.0,0.0074935
8,32.0,18.0,0.008472700000000001
9,30.0,17.0,0.0083533
8,31.0,19.0,0.0096353
11,45.0,20.0,0.0131761
10,68.0,24.0,0.0206719
10,48.0,21.0,0.0124786
