input,basicOps,recursionCount,time
34,649.0,171.0,0.2535785
43,893.0,177.0,12.944665100000003
32,264.0,106.0,0.1173237
43,1574.0,300.0,12.0687496
38,1045.0,254.0,0.401175
43,736.0,191.0,0.3336605
47,548.0,119.0,9.890175699999999
37,251.0,88.0,0.2906282
46,4835.0,919.0,31.6691516
36,473.0,133.0,0.26968169999999997
24,157.0,82.0,0.062172700000000004
39,331.0,97.0,0.15783319999999998
36,258.0,88.0,0.11590669999999999
40,1362.0,235.0,8.188003
37,258.0,87.0,0.1117972
45,3361.0,636.0,14.424550099999996
39,304.0,91.0,0.1762662
27,167.0,85.0,0.07318430000000001
35,758.0,199.0,0.3080421
27,222.0,93.0,9.617318300000003
25,170.0,84.0,0.0936256
40,1695.0,371.0,0.5589889
36,264.0,91.0,0.1214626
25,172.0,86.0,0.0717741
29,213.0,95.0,9.062406200000002
23,159.0,87.0,0.068269
41,842.0,203.0,0.37346899999999994
30,189.0,83.0,0.11341369999999999
44,758.0,149.0,3.2749617
42,1505.0,335.0,5.4665053
30,253.0,92.0,0.24627220000000002
29,200.0,90.0,9.916509199999998
41,2223.0,372.0,9.0466116
29,205.0,95.0,0.0872465
44,355.0,101.0,4.3850529
40,474.0,134.0,2.5046844
38,324.0,93.0,0.14235029999999999
28,251.0,112.0,0.0913273
28,158.0,82.0,0.07110749999999999
33,281.0,94.0,0.1059942
39,297.0,93.0,0.1232917
48,14877.0,2662.0,55.34796390000001
39,979.0,217.0,0.35174819999999996
40,269.0,84.0,0.11452899999999999
33,223.0,87.0,0.0955944
42,958.0,214.0,5.4746252
44,5568.0,1010.0,20.731520299999993
42,1567.0,332.0,11.813121900000002
33,301.0,95.0,0.12029830000000001
49,48541.0,6223.0,238.6216532
27,191.0,84.0,0.091593
34,558.0,145.0,13.645802499999997
42,534.0,113.0,0.2747173
40,558.0,144.0,0.24752610000000003
47,1649.0,303.0,8.1365053
24,174.0,89.0,0.07072930000000001
32,440.0,126.0,0.1994126
27,158.0,82.0,0.0756411
36,569.0,146.0,0.27946309999999996
34,581.0,161.0,16.1702788
43,1234.0,251.0,0.5337417
44,5327.0,817.0,45.0232269
19,112.0,83.0,0.048714099999999996
46,3483.0,576.0,9.1750889
42,281.0,91.0,0.14356549999999998
37,505.0,131.0,0.21306440000000001
39,303.0,94.0,9.682231
41,1017.0,208.0,0.4119117
44,1274.0,216.0,0.44224759999999996
38,1447.0,306.0,7.4134677
25,181.0,89.0,0.07350989999999999
23,132.0,82.0,0.058098899999999995
35,234.0,91.0,0.11920959999999999
23,146.0,82.0,0.057346799999999996
30,176.0,83.0,0.08196020000000001
40,380.0,106.0,15.3348501
39,1103.0,223.0,0.3910368
42,368.0,100.0,0.28726329999999994
29,194.0,90.0,0.1360985
33,207.0,83.0,0.1641903
28,164.0,82.0,0.1201573
39,307.0,95.0,19.555783400000003
31,195.0,88.0,0.0910724
46,11755.0,2061.0,43.4000236
32,309.0,108.0,0.12077000000000002
39,414.0,112.0,0.1598133
21,121.0,93.0,0.0613328
14,104.0,82.0,0.036933200000000006
38,488.0,137.0,2.7779320000000003
39,946.0,203.0,0.3472268
12,69.0,82.0,0.0271494
34,267.0,90.0,0.1142768
40,436.0,128.0,9.0466973
32,263.0,96.0,0.1164844
32,246.0,96.0,0.23056390000000002
37,358.0,100.0,1.0390153999999998
26,162.0,82.0,0.08376639999999999
43,406.0,110.0,0.16937000000000002
40,393.0,118.0,0.1585125
23,152.0,85.0,0.0642293
