input,basicOps,recursionCount,time
34,649.0,171.0,0.402517
43,893.0,177.0,0.341979
32,264.0,106.0,0.126363
43,1574.0,300.0,0.67233
38,1045.0,254.0,0.382248
43,736.0,191.0,0.304102
47,548.0,119.0,0.215719
37,251.0,88.0,0.119456
46,4835.0,919.0,3.050066
36,473.0,133.0,0.188755
24,157.0,82.0,0.067362
39,331.0,97.0,0.14962
36,258.0,88.0,0.121495
40,1362.0,235.0,7.266713
37,258.0,87.0,0.125655
45,3361.0,636.0,1.327486
39,304.0,91.0,0.154945
27,167.0,85.0,0.078494
35,758.0,199.0,0.360004
27,222.0,93.0,0.126508
25,170.0,84.0,0.128692
40,1695.0,371.0,0.740319
36,264.0,91.0,0.152859
25,172.0,86.0,0.102986
29,213.0,95.0,0.133393
23,159.0,87.0,0.074999
41,842.0,203.0,0.361293
30,189.0,83.0,0.092508
44,758.0,149.0,0.377271
42,1505.0,335.0,0.597897
30,253.0,92.0,0.116641
29,200.0,90.0,0.095487
41,2223.0,372.0,0.917436
29,205.0,95.0,0.093318
44,355.0,101.0,0.159011
40,474.0,134.0,0.197126
38,324.0,93.0,0.153413
28,251.0,112.0,0.096692
28,158.0,82.0,0.077006
33,281.0,94.0,0.116629
39,297.0,93.0,0.13443
48,14877.0,2662.0,4.418795
39,979.0,217.0,0.37271
40,269.0,84.0,0.12527
33,223.0,87.0,0.104583
42,958.0,214.0,0.408167
44,5568.0,1010.0,2.175856
42,1567.0,332.0,0.642618
33,301.0,95.0,0.130301
49,48541.0,6223.0,20.549289
27,191.0,84.0,0.098769
34,558.0,145.0,0.194892
42,534.0,113.0,0.283775
40,558.0,144.0,0.221101
47,1649.0,303.0,0.643075
24,174.0,89.0,0.078617
32,440.0,126.0,0.182216
27,158.0,82.0,0.074428
36,569.0,146.0,0.249407
34,581.0,161.0,0.233825
43,1234.0,251.0,0.533052
44,5327.0,817.0,2.309862
19,112.0,83.0,0.053466
46,3483.0,576.0,1.553162
42,281.0,91.0,0.142406
37,505.0,131.0,2.125815
39,303.0,94.0,0.144346
41,1017.0,208.0,0.394539
44,1274.0,216.0,0.434415
38,1447.0,306.0,0.576596
25,181.0,89.0,0.078022
23,132.0,82.0,0.060182
35,234.0,91.0,0.109961
23,146.0,82.0,0.061563
30,176.0,83.0,0.090093
40,380.0,106.0,0.166988
39,1103.0,223.0,0.413454
42,368.0,100.0,0.168119
29,194.0,90.0,0.094856
33,207.0,83.0,0.100495
28,164.0,82.0,0.079806
39,307.0,95.0,0.141188
31,195.0,88.0,0.098579
46,11755.0,2061.0,3.717558
32,309.0,108.0,0.129884
39,414.0,112.0,0.161364
21,121.0,93.0,0.063657
14,104.0,82.0,0.04104
38,488.0,137.0,0.190471
39,946.0,203.0,0.360456
12,69.0,82.0,0.030575
34,267.0,90.0,0.115049
40,436.0,128.0,0.20127
32,263.0,96.0,0.126985
32,246.0,96.0,0.125986
37,358.0,100.0,0.17171
26,162.0,82.0,0.073128
43,406.0,110.0,0.184974
40,393.0,118.0,0.169159
23,152.0,85.0,0.072878
