input,basicOps,recursionCount,time
34,649.0,171.0,0.41448495
43,893.0,177.0,0.5384412000000001
32,264.0,106.0,0.1916662
43,1574.0,300.0,0.8392597000000002
38,1045.0,254.0,0.36640885000000006
43,736.0,191.0,0.2834553
47,548.0,119.0,0.19923195
37,251.0,88.0,0.12860294999999997
46,4835.0,919.0,1.9538229499999997
36,473.0,133.0,0.20864635000000006
24,157.0,82.0,0.05969915
39,331.0,97.0,0.13977690000000004
36,258.0,88.0,0.10966754999999999
40,1362.0,235.0,0.4458501
37,258.0,87.0,0.10765095
45,3361.0,636.0,1.2449286000000002
39,304.0,91.0,0.13805640000000002
27,167.0,85.0,0.07860700000000001
35,758.0,199.0,0.2555712
27,222.0,93.0,0.09750689999999998
25,170.0,84.0,0.06641265
40,1695.0,371.0,0.5402833000000001
36,264.0,91.0,0.11596985
25,172.0,86.0,0.1085727
29,213.0,95.0,0.14957884999999999
23,159.0,87.0,0.11709615
41,842.0,203.0,0.5640172
30,189.0,83.0,0.1430113
44,758.0,149.0,0.56838475
42,1505.0,335.0,0.98210105
30,253.0,92.0,0.18809009999999998
29,200.0,90.0,0.19419659999999997
41,2223.0,372.0,1.0637577
29,205.0,95.0,0.1041294
44,355.0,101.0,0.16132805
40,474.0,134.0,0.19561935000000003
38,324.0,93.0,0.1480357
28,251.0,112.0,0.08438604999999999
28,158.0,82.0,0.06588849999999999
33,281.0,94.0,0.11043365000000001
39,297.0,93.0,0.13821160000000002
48,14877.0,2662.0,4.740595399999999
39,979.0,217.0,0.3763333
40,269.0,84.0,0.11397260000000001
33,223.0,87.0,0.09960369999999999
42,958.0,214.0,0.7457603499999998
44,5568.0,1010.0,4.07269225
42,1567.0,332.0,1.7560966
33,301.0,95.0,0.20697169999999998
49,48541.0,6223.0,23.821446299999998
27,191.0,84.0,0.09831374999999999
34,558.0,145.0,0.18205895000000002
42,534.0,113.0,0.2639639
40,558.0,144.0,0.2067408
47,1649.0,303.0,0.6258983500000002
24,174.0,89.0,0.07086795
32,440.0,126.0,0.16302565000000002
27,158.0,82.0,0.06857869999999999
36,569.0,146.0,0.23119040000000002
34,581.0,161.0,0.21456844999999997
43,1234.0,251.0,0.47771210000000003
44,5327.0,817.0,2.3463012
19,112.0,83.0,0.051908850000000006
46,3483.0,576.0,1.4606961000000003
42,281.0,91.0,0.1396199
37,505.0,131.0,0.18036334999999998
39,303.0,94.0,0.13129465
41,1017.0,208.0,0.38637334999999995
44,1274.0,216.0,0.4159600000000001
38,1447.0,306.0,0.56591445
25,181.0,89.0,0.0739211
23,132.0,82.0,0.05272825000000001
35,234.0,91.0,0.10039375000000002
23,146.0,82.0,0.054513149999999996
30,176.0,83.0,0.07889075000000001
40,380.0,106.0,0.16566619999999999
39,1103.0,223.0,0.44898165
42,368.0,100.0,0.16425985
29,194.0,90.0,0.08668844999999999
33,207.0,83.0,0.09581495
28,164.0,82.0,0.07344945
39,307.0,95.0,0.13209390000000004
31,195.0,88.0,0.09812214999999999
46,11755.0,2061.0,3.9884363500000006
32,309.0,108.0,0.11943904999999996
39,414.0,112.0,0.15638669999999996
21,121.0,93.0,0.06632079999999999
14,104.0,82.0,0.04073095
38,488.0,137.0,0.17365529999999998
39,946.0,203.0,0.3473515499999999
12,69.0,82.0,0.02658965
34,267.0,90.0,0.1238444
40,436.0,128.0,0.18667569999999997
32,263.0,96.0,0.11647885
32,246.0,96.0,0.12669689999999997
37,358.0,100.0,0.15726365000000003
26,162.0,82.0,0.0702282
43,406.0,110.0,0.18225529999999998
40,393.0,118.0,0.1557978
23,152.0,85.0,0.0631847
