input,basicOps,recursionCount,time
10,41.0,18.0,0.01871
8,23.0,17.0,0.007376
5,17.0,17.0,0.004883
9,32.0,17.0,0.009316
9,56.0,24.0,0.015088
10,33.0,17.0,0.010032
9,49.0,23.0,0.013374
11,40.0,17.0,0.011455
11,40.0,17.0,0.01048
8,33.0,19.0,0.009372
11,58.0,21.0,0.015984
9,36.0,17.0,0.009443
9,49.0,22.0,0.012793
8,26.0,17.0,0.00786
9,31.0,17.0,0.008646
10,31.0,17.0,0.009397
8,31.0,17.0,0.008407
10,50.0,21.0,0.014164
10,50.0,22.0,0.013487
10,36.0,17.0,0.009099
9,29.0,17.0,0.008718
10,37.0,17.0,0.009285
12,48.0,18.0,0.013116
6,23.0,20.0,0.007147
6,20.0,17.0,0.005322
9,39.0,20.0,0.010416
9,32.0,17.0,0.00887
10,35.0,17.0,0.009309
7,24.0,17.0,0.006881
9,30.0,17.0,0.00826
6,22.0,17.0,0.006038
9,36.0,17.0,0.008825
10,60.0,26.0,0.015191
11,47.0,19.0,0.012217
5,13.0,17.0,0.004089
10,34.0,17.0,0.009578
10,39.0,17.0,0.009583
10,120.0,37.0,0.029061
10,46.0,19.0,0.012712
5,20.0,17.0,0.005278
10,34.0,17.0,0.00918
7,29.0,18.0,0.007201
9,34.0,20.0,0.00996
11,86.0,29.0,0.02206
10,47.0,20.0,0.013412
11,38.0,17.0,0.011947
10,32.0,17.0,0.008834
8,30.0,18.0,0.008963
8,38.0,20.0,0.010412
12,67.0,23.0,0.018511
9,34.0,17.0,0.008792
9,36.0,17.0,0.008797
9,46.0,21.0,0.011991
10,38.0,18.0,0.011718
10,35.0,17.0,0.00905
5,21.0,18.0,0.006403
5,19.0,17.0,0.005332
11,50.0,19.0,0.014359
10,32.0,17.0,0.009272
9,33.0,17.0,0.00883
10,56.0,23.0,0.014093
8,29.0,17.0,0.007658
10,37.0,17.0,0.009611
9,37.0,18.0,0.010255
12,60.0,20.0,0.016958
6,23.0,18.0,0.006482
7,23.0,17.0,0.007385
10,50.0,21.0,0.012252
7,24.0,17.0,0.006565
11,52.0,22.0,0.014164
9,32.0,17.0,0.008799
10,47.0,22.0,0.012249
11,43.0,17.0,0.011027
7,23.0,17.0,0.006772
7,22.0,17.0,0.006298
6,21.0,17.0,0.005996
10,51.0,20.0,0.013504
10,62.0,23.0,0.015658
8,29.0,17.0,0.007253
5,17.0,17.0,0.004535
7,24.0,17.0,0.006608
6,21.0,17.0,0.005612
10,36.0,17.0,0.009087
12,150.0,43.0,0.037349
6,25.0,17.0,0.005787
8,32.0,18.0,0.008569
11,46.0,18.0,0.012267
9,30.0,17.0,0.008495
6,23.0,19.0,0.006401
10,61.0,27.0,0.015428
12,54.0,20.0,0.016317
9,28.0,17.0,0.007968
6,23.0,17.0,0.00655
8,28.0,17.0,0.007988
8,32.0,18.0,0.009147
9,30.0,17.0,0.0088
8,31.0,19.0,0.009157
11,45.0,20.0,0.011813
10,68.0,24.0,0.019663
10,48.0,21.0,0.013873
