input,basicOps,recursionCount,time
0,0.0,82.0,0.06801484999999999
1,6.7,82.0,0.05983245
2,12.05,82.0,0.0515796
3,17.9,82.0,0.0647613
4,24.2,82.0,0.06785574999999999
5,29.8,82.0,0.0666552
6,35.95,82.0,0.06971229999999999
7,41.8,82.0,0.07503364999999998
8,48.05,82.0,0.07606465
9,54.35,82.0,0.08043519999999998
10,59.45,82.0,0.07750635
11,65.7,82.0,0.0775294
12,75.35,84.35,0.08699294999999999
13,81.35,84.35,0.08187625
14,88.25,84.8,0.08412214999999998
15,99.1,86.35,0.08493704999999999
16,107.55,86.85,0.08788019999999999
17,115.9,87.2,0.08654250000000001
18,122.75,87.75,0.09030204999999998
19,130.25,87.9,0.09427205000000001
20,139.05,88.35,0.09648460000000002
21,145.75,88.65,0.09447874999999997
22,156.2,89.5,0.10696979999999998
23,167.55,90.7,0.10687105000000001
24,175.25,91.15,0.11180209999999999
25,188.9,92.6,0.11508675000000002
26,197.65,92.8,0.1226226
27,221.3,96.9,0.13038244999999998
28,231.05,97.1,0.1371875
29,260.15,101.95,0.15934165
30,287.5,105.7,0.19171520000000003
31,328.05,110.65,0.19387015
32,373.3,118.3,0.27080979999999993
33,416.25,124.45,0.22616234999999993
34,457.75,129.9,0.24338540000000003
35,524.0,140.2,0.27138235
36,583.6,145.85,0.29678220000000005
37,624.25,150.0,0.31225400000000003
38,735.1,169.4,0.37026914999999994
39,965.15,208.6,0.48149610000000004
40,1684.1,336.85,0.99106235
41,1825.15,355.1,0.9747073
42,1653.4,308.45,0.8162122
43,1983.0,355.65,0.9989903000000002
44,2092.5,366.85,0.9297484
45,2719.1,451.5,1.16190795
46,4119.8,634.6,1.6567495
47,5315.05,799.45,2.37946075
48,9582.45,1466.5,4.02844035
49,10269.7,1527.65,4.5474451
50,15824.15,2299.05,6.69124915
51,32478.35,4642.6,12.911590900000002
52,44672.65,5640.55,22.614512150000003
53,74002.3,9167.55,46.25647825
54,105933.5,13303.75,59.56814305
55,185914.45,23409.55,98.71390989999999
56,188320.45,22954.3,103.21911824999998
57,299944.75,37197.55,150.77149975000003
58,285324.9,34697.25,139.1019749
59,236560.45,29812.3,128.2641714
60,381538.6,45751.65,190.89786635
61,542010.6,66039.45,302.94219535
62,311487.75,36851.45,207.2075405
63,224475.8,27585.05,163.2646264
64,280854.9,37848.75,209.97408149999995
