input,basicOps,recursionCount,time
0,0.0,82.0,0.030046800000000002
1,6.4,82.0,0.0247095
2,11.5,82.0,0.0256552
3,16.6,82.0,0.027655400000000004
4,22.4,82.0,0.030648500000000002
5,29.2,82.0,0.032132799999999996
6,35.8,82.0,0.035001000000000004
7,43.3,82.0,0.0388708
8,48.2,82.0,0.0401681
9,53.9,82.0,0.043000800000000006
10,59.7,82.0,0.0447064
11,66.5,82.0,0.046862100000000004
12,73.4,82.1,0.049831799999999996
13,80.9,82.1,0.051759
14,86.7,82.1,0.055132499999999994
15,93.3,82.1,0.0595788
16,101.0,82.3,0.06203679999999999
17,106.3,82.3,0.064172
18,120.3,83.3,0.0691591
19,125.5,83.3,0.0720529
20,132.1,83.3,0.07368720000000001
21,137.8,83.3,0.07610460000000001
22,145.5,83.4,0.08033119999999999
23,156.1,84.1,0.0853418
24,173.6,87.5,0.08976379999999999
25,192.5,90.2,0.0969051
26,229.6,97.2,0.11152899999999999
27,240.6,98.1,0.11667990000000002
28,249.3,98.5,0.1194145
29,266.8,100.1,0.1269499
30,313.6,111.3,0.1443081
31,325.5,111.6,0.1545125
32,336.5,112.0,0.1587731
33,377.1,116.6,0.17024809999999999
34,411.0,120.6,0.18657870000000001
35,495.4,134.6,0.21971780000000002
36,530.0,139.3,0.23746870000000003
37,602.0,150.1,0.26556110000000005
38,746.9,171.2,0.3364241
39,1005.4,214.3,0.40829770000000004
40,480.0,120.0,0.21949009999999997
41,826.1,172.3,0.3515575
42,1020.1,192.4,0.4398155
43,1104.3,203.2,0.4710178
44,1297.9,235.0,0.5372643
45,1634.1,273.9,0.6896931999999999
46,2724.9,406.3,1.1122476000000001
47,3220.2,461.8,1.4349027999999997
48,4150.0,593.3,1.7803019000000002
49,10508.1,1369.9,7.821372499999998
50,17110.9,2261.3,42.2490103
51,26373.0,3488.5,39.38646969999999
52,20717.6,2569.7,8.534758
53,20679.6,2529.3,16.870107499999996
54,24503.2,2981.5,17.416760899999993
55,42726.9,5196.8,45.815399500000005
56,67682.4,9217.9,146.34307539999998
57,85460.7,11704.0,217.2084029
58,68993.5,9511.3,163.7834081
59,80786.5,11137.1,207.84881679999998
60,76244.9,9949.0,180.9138848
61,77560.1,9682.3,158.5826818
62,29858.5,3990.2,72.574224
63,30939.3,4154.5,82.8152178
64,39373.6,4922.2,102.54215180000001
65,41250.3,5185.5,101.382739
66,4179.1,525.6,1.9612634
67,11203.0,1231.7,4.605700700000002
68,39578.2,4535.0,101.4228565
69,38689.4,4612.6,101.7366352
