input,basicOps,recursionCount,time
0,0.0,257.0,0.0837
1,16.0,257.0,0.068443
2,24.0,257.0,0.078285
3,35.0,257.0,0.083831
4,46.0,257.0,0.085692
5,56.0,257.0,0.093133
6,61.0,257.0,0.108722
7,68.0,257.0,0.108295
8,77.0,257.0,0.110178
9,84.0,257.0,0.115279
10,97.0,257.0,0.115066
11,104.0,257.0,0.119754
12,120.0,257.0,0.124744
13,128.0,257.0,0.151774
14,145.0,257.0,0.144924
15,158.0,257.0,0.152534
16,167.0,257.0,0.162372
17,180.0,257.0,0.165131
18,184.0,257.0,0.183088
19,193.0,257.0,0.175328
20,198.0,257.0,0.189759
21,208.0,257.0,0.187153
22,217.0,257.0,0.193637
23,226.0,257.0,0.209598
24,241.0,257.0,0.21172
25,249.0,257.0,0.216624
26,253.0,257.0,0.227957
27,265.0,257.0,0.237869
28,271.0,257.0,0.239181
29,287.0,257.0,0.247774
30,292.0,257.0,0.25544
31,304.0,257.0,0.265249
32,314.0,257.0,0.272808
33,330.0,257.0,0.28441
34,333.0,257.0,0.27943
35,340.0,257.0,0.286858
36,344.0,257.0,0.291537
37,352.0,257.0,0.300743
38,379.0,259.0,0.31856
39,396.0,259.0,0.320508
40,418.0,259.0,0.339183
41,435.0,259.0,0.364677
42,448.0,259.0,0.370093
43,456.0,259.0,0.416001
44,466.0,259.0,0.38956
45,480.0,259.0,0.390439
46,496.0,259.0,0.407599
47,500.0,259.0,0.419616
48,506.0,259.0,0.419357
49,519.0,259.0,0.495288
50,530.0,259.0,0.446276
51,546.0,259.0,0.448297
52,555.0,259.0,0.456922
53,569.0,259.0,0.49286
54,583.0,259.0,0.475938
55,589.0,259.0,0.482976
56,595.0,259.0,0.514516
57,602.0,259.0,0.49985
58,616.0,259.0,0.513791
59,619.0,259.0,0.509983
60,633.0,259.0,0.517026
61,639.0,259.0,0.547624
62,663.0,262.0,0.544789
63,677.0,262.0,0.54674
64,738.0,273.0,0.593127
65,741.0,273.0,0.588163
66,747.0,273.0,0.604799
67,762.0,273.0,0.626936
68,773.0,273.0,0.62414
69,788.0,273.0,0.627531
70,797.0,273.0,0.632856
71,808.0,273.0,0.660154
72,815.0,273.0,0.651152
73,1196.0,343.0,0.821805
74,1199.0,343.0,0.816429
75,1201.0,343.0,0.845393
76,1204.0,343.0,0.832657
77,1610.0,410.0,0.989974
78,1748.0,450.0,1.049245
79,1760.0,450.0,1.088283
80,1767.0,450.0,1.04203
81,1769.0,450.0,1.080761
82,1777.0,450.0,1.084574
83,1783.0,450.0,1.08857
84,1786.0,450.0,1.905055
85,2380.0,546.0,1.546958
86,2557.0,582.0,1.648413
87,2829.0,612.0,1.867217
88,2841.0,612.0,1.884859
89,2904.0,612.0,1.955163
90,2906.0,612.0,2.013061
91,2922.0,612.0,1.983907
92,3021.0,616.0,2.051515
93,3076.0,616.0,2.147896
94,3411.0,635.0,2.3149
95,3418.0,635.0,2.2994
96,3724.0,678.0,2.414247
97,5961.0,1073.0,3.398838
98,11403.0,1710.0,7.251058
99,11434.0,1710.0,6.975331
100,11445.0,1710.0,6.720385
101,11454.0,1710.0,6.371299
102,12056.0,1766.0,6.746026
103,12059.0,1766.0,6.676134
104,15185.0,2142.0,8.925705
105,15217.0,2142.0,8.314146
106,15245.0,2142.0,8.467747
107,15255.0,2142.0,8.496447
108,22441.0,2963.0,12.031545
109,22455.0,2963.0,11.973681
110,25678.0,3327.0,13.207766
111,25773.0,3334.0,13.331451
112,26124.0,3393.0,14.356452
113,26129.0,3393.0,13.801412
114,26166.0,3397.0,13.806624
115,28913.0,3715.0,15.059691
116,60158.0,7921.0,27.539037
117,60173.0,7921.0,28.531977
118,151899.0,21151.0,99.134494
119,203992.0,24505.0,134.737396
120,407431.0,48037.0,417.856834
121,408394.0,48037.0,386.789487
122,884494.0,104141.0,1000.0
123,960963.0,111521.0,967.40019
124,986400.0,112961.0,970.043579
125,984136.0,112735.0,1000.0
126,956790.0,109115.0,1000.0
127,832125.0,93910.0,1000.0
128,832840.0,94190.0,1000.0
129,798076.0,87474.0,1000.0
