input,basicOps,recursionCount,time
0,0.0,257.0,0.0503387
1,8.3,257.0,0.0415655
2,18.6,257.0,0.0425504
3,26.9,257.0,0.0468891
4,37.0,257.0,0.053525500000000004
5,48.1,257.0,0.063642
6,56.3,257.0,0.0687519
7,64.4,257.0,0.0831496
8,77.6,257.0,0.08322660000000001
9,84.2,257.0,0.0847016
10,98.5,257.0,0.0972089
11,107.8,257.0,0.10033200000000002
12,118.2,257.0,0.1055555
13,127.0,257.0,0.1195263
14,135.9,257.0,0.12113029999999998
15,142.7,257.0,0.1328059
16,153.4,257.0,0.13937839999999999
17,168.0,258.0,0.1416734
18,174.3,258.0,0.1567592
19,183.1,258.0,0.1599019
20,196.5,258.1,0.1634192
21,207.0,258.1,0.16582829999999998
22,214.6,258.1,0.17392970000000002
23,226.0,259.4,0.20099489999999998
24,237.2,259.4,0.1902527
25,252.6,260.3,0.19721979999999997
26,262.3,260.3,0.23818440000000002
27,272.1,260.3,0.2120036
28,282.1,260.3,0.21994059999999999
29,293.1,260.3,0.22630460000000002
30,306.9,260.7,0.23339909999999997
31,316.2,260.7,0.24280630000000003
32,327.4,261.4,0.25330299999999994
33,341.3,262.7,0.2628923
34,355.2,263.3,0.2660592
35,363.5,263.3,0.2751726
36,373.0,263.3,0.2867538
37,383.9,263.3,0.2905513
38,393.9,263.3,0.30302029999999996
39,408.6,263.8,0.30885989999999997
40,416.2,263.8,0.3160824
41,427.3,263.8,0.3222148
42,437.4,263.9,0.3441786
43,448.9,263.9,0.34112099999999995
44,459.8,263.9,0.3504025
45,473.5,263.9,0.361559
46,491.8,265.0,0.37503889999999995
47,504.1,265.7,0.3853302
48,513.6,266.0,0.39025380000000004
49,536.8,267.1,0.4116595
50,554.9,267.5,0.42673760000000005
51,575.8,269.3,0.4318117
52,606.3,272.3,0.4553896
53,614.9,272.6,4.7759811999999995
54,629.7,273.0,0.4871695000000001
55,640.5,273.0,0.4945867
56,653.1,273.6,0.5003431
57,663.1,273.6,0.5079378999999999
58,706.3,280.3,0.5345313999999999
59,855.2,307.8,0.5898486
60,914.3,318.7,0.6176997
61,938.6,320.5,0.6496673
62,954.7,320.6,0.6713982000000002
63,975.0,321.1,0.6638980000000001
64,985.8,321.1,0.6852684000000001
65,1012.9,323.5,0.6891238
66,1026.7,323.5,0.7056348000000001
67,1048.8,324.5,0.7129263
68,1092.8,330.1,0.726826
69,1100.8,330.1,0.7444347
70,1115.1,330.6,0.7728436999999999
71,1273.8,360.2,4.604385000000001
72,1294.5,360.7,3.2384215
73,1346.4,362.3,0.8757213
74,1383.7,368.1,0.9302787
75,1480.0,379.4,0.9940275
76,1527.2,382.4,1.015896
77,1661.6,401.8,1.0934776
78,1730.7,409.3,14.604225200000002
79,1835.3,420.3,1.153318
80,1890.8,428.1,1.1937840999999998
81,1907.0,429.3,1.2228528
82,2188.6,473.3,1.3371821999999998
83,2455.1,511.0,1.4770641000000002
84,2714.2,553.8,1.6622685999999998
85,2948.2,589.0,1.7507957
86,3384.5,637.5,2.0115168999999997
87,3861.6,702.1,2.2584238
88,4016.4,720.3,2.4733285999999994
89,3829.9,692.5,2.2463549
90,4020.2,703.9,2.3365389000000003
91,4173.5,711.7,2.8393451
92,4591.6,757.1,4.7153593
93,5381.7,869.2,3.379786
94,9374.6,1350.8,5.2252361
95,9781.6,1382.1,14.0874266
96,12122.6,1669.5,26.250467000000004
97,11214.8,1523.7,6.663434799999999
98,11963.4,1607.4,31.7724961
99,13151.9,1712.2,30.891788099999996
100,18104.7,2344.3,87.8216248
101,19189.7,2460.6,69.9283361
102,28161.3,3486.8,124.2179151
103,29579.0,3612.7,122.95608589999999
104,33389.0,3895.6,162.3181587
105,30775.6,3547.2,154.5217082
106,30428.0,3468.3,155.6324552
107,32259.2,3787.9,147.4170102
108,35652.9,4128.1,133.4735764
109,43367.6,4890.8,204.23610779999998
110,53249.1,5818.4,205.57975690000004
111,62764.9,6597.6,258.5251134
112,81151.8,8757.4,368.4286982
113,91274.3,9520.4,428.44720079999996
114,94120.7,9464.9,465.3963539
115,97279.7,9843.5,481.2671437
116,91592.9,9185.4,473.94417969999995
117,101870.0,10014.1,527.6856558
118,111260.5,10927.9,583.3579032
119,130916.1,12868.9,638.6382231
120,141175.2,14123.8,690.8172236
121,162746.6,16148.9,823.4610720999999
122,165146.4,16324.0,814.4614036
123,159934.5,15528.7,821.6487085000001
124,163207.1,15846.6,834.1932608
125,174532.8,17159.0,902.1837400000001
126,175984.0,17240.5,902.2498402000001
127,178265.0,16977.6,902.1634965999999
128,162549.2,15441.5,902.3255411
129,167635.5,16192.9,903.1837468
