input,basicOps,recursionCount,time
0,0.0,257.0,0.06259635
1,10.35,257.0,0.09954035
2,21.6,257.0,0.05848415
3,30.2,257.0,0.07368004999999998
4,40.2,257.0,0.07226265000000001
5,49.85,257.0,0.07724795000000002
6,58.6,257.0,0.08739674999999998
7,70.65,257.0,0.09043395000000001
8,80.8,257.0,0.09833284999999999
9,91.85,257.0,0.1081626
10,101.75,257.0,0.10740775
11,116.45,268.2,0.13263279999999997
12,125.35,268.2,0.12853315
13,136.5,268.2,0.14134705
14,147.0,268.2,0.22543830000000006
15,156.8,268.2,0.1529333
16,166.9,268.2,0.15671135000000003
17,176.6,268.2,0.16944724999999997
18,188.05,268.7,0.17974515000000002
19,198.55,268.7,0.18596075
20,208.15,268.7,0.1976442
21,218.1,268.75,0.2036223
22,229.15,268.75,0.20592395
23,240.75,268.8,0.22185295
24,251.2,268.8,0.21353135
25,262.05,268.8,0.28674754999999996
26,273.05,268.8,0.2460432
27,286.4,269.45,0.25675715000000005
28,298.4,269.55,0.2722289000000001
29,309.05,269.55,0.2642131
30,325.6,272.75,0.28017710000000007
31,333.45,272.75,0.28669089999999997
32,344.0,272.85,0.3087685
33,355.8,273.05,0.29072565
34,367.55,273.2,0.30016329999999997
35,379.1,273.2,0.3135182
36,394.6,274.05,0.3520927000000001
37,404.35,274.15,0.33222175
38,414.1,274.3,0.40159035000000004
39,426.8,275.25,0.36164145000000003
40,438.05,275.25,0.37250079999999997
41,449.2,275.25,0.37624889999999994
42,462.25,275.7,0.3933012
43,479.3,277.4,0.39280370000000003
44,488.85,277.4,0.46852389999999994
45,502.55,277.95,0.48694565
46,512.4,277.95,0.4088171500000001
47,524.45,278.15,0.4469544
48,543.05,280.1,0.45320420000000006
49,559.7,280.15,0.4545685
50,574.2,280.85,0.45629970000000003
51,585.0,281.1,0.4773186
52,606.0,282.5,0.50059505
53,635.6,288.0,0.47636735
54,652.5,289.85,0.5092723499999999
55,678.4,292.6,0.5425329
56,688.6,292.6,0.6069896
57,726.2,296.3,0.5746490499999999
58,750.4,297.85,0.61549805
59,789.35,300.9,0.59304775
60,821.1,305.55,1.2175302999999997
61,837.35,306.3,0.6578885999999999
62,858.5,308.6,0.8910067999999999
63,879.45,309.45,0.6860917499999999
64,918.0,313.05,0.71263805
65,943.2,314.15,0.7318416999999998
66,957.6,314.5,0.7472358000000001
67,1000.85,319.75,0.8026276000000001
68,1036.65,321.45,0.7584477500000001
69,1182.0,345.6,0.8698945
70,1223.9,351.6,0.9325517000000003
71,1270.0,357.3,0.9403805499999999
72,1310.55,361.15,1.0408826000000002
73,1342.65,364.8,1.0781553000000001
74,1360.75,365.1,0.9918427500000002
75,1414.85,371.25,1.0057051
76,1503.35,384.15,1.1042949500000003
77,1543.35,385.9,1.1419129499999998
78,1594.2,389.25,1.3206205
79,1831.0,424.85,1.48970095
80,1879.85,427.95,1.33148065
81,1938.95,433.55,1.4665796
82,2026.95,443.05,1.45060635
83,2199.05,463.85,1.58198945
84,2606.15,512.4,1.8595228000000006
85,2733.25,523.65,1.90500765
86,2791.35,529.5,1.9507329999999996
87,2888.1,541.4,1.9941351
88,3030.7,557.5,2.1955038
89,3134.05,567.3,2.1747409000000006
90,3182.5,570.7,2.3540829499999996
91,3313.0,583.55,2.38362345
92,4255.9,704.35,2.8706897499999995
93,4446.9,717.7,3.0493038000000006
94,5771.75,867.75,3.9625906
95,6624.35,952.65,4.402678049999999
96,6928.75,988.5,4.6184784
97,7158.65,1012.2,4.72515045
98,7532.8,1055.0,5.10716725
99,8280.8,1151.1,5.58991355
100,8550.4,1185.3,5.711646449999998
101,9047.85,1244.75,6.204130350000002
102,10877.6,1437.45,7.4193603999999995
103,18485.45,2241.65,12.64754815
104,20228.45,2471.7,13.092677749999998
105,27196.1,3188.35,17.349390800000002
106,32335.55,3790.2,20.242893849999998
107,49583.1,5492.1,30.752338
108,83134.6,8554.55,55.4237382
109,84652.65,8684.2,57.22585035000001
110,119351.1,12202.0,94.8641337
111,158076.2,16011.35,108.51795704999999
112,201520.55,20502.3,148.48453815
113,224397.15,22796.35,161.21842064999998
114,223990.45,23029.5,166.51595954999993
115,242722.1,25480.85,197.1908195
116,250657.95,27049.3,224.14724459999996
117,307163.6,31951.15,320.6226008
118,311242.25,32219.5,335.5708421999999
119,373558.05,38561.75,417.05105589999994
