input,basicOps,recursionCount,time
0,0.0,82.0,0.063891
1,5.0,82.0,0.05997
2,10.0,82.0,0.061943
3,16.0,82.0,0.093833
4,21.0,82.0,0.071344
5,25.0,82.0,0.07108
6,27.0,82.0,0.082115
7,36.0,82.0,0.066919
8,44.0,82.0,0.09201
9,49.0,82.0,0.089883
10,55.0,82.0,0.093031
11,60.0,82.0,0.093211
12,67.0,82.0,0.103918
13,73.0,82.0,0.102289
14,76.0,82.0,0.105741
15,82.0,82.0,0.109559
16,104.0,88.0,0.122341
17,106.0,88.0,0.127374
18,115.0,88.0,0.128797
19,118.0,88.0,0.151379
20,125.0,88.0,0.139906
21,132.0,88.0,0.143331
22,134.0,88.0,0.146279
23,136.0,88.0,0.151267
24,139.0,88.0,0.156614
25,169.0,89.0,0.19149
26,172.0,89.0,0.171525
27,194.0,92.0,3.76E-4
28,520.0,170.0,5.27E-4
29,736.0,218.0,0.001032
30,856.0,230.0,0.001152
31,862.0,230.0,0.522974
32,960.0,242.0,0.533341
33,1098.0,250.0,0.581864
34,1287.0,264.0,0.673162
35,1526.0,286.0,2.012455
36,1776.0,312.0,0.855729
37,2441.0,380.0,1.225019
38,2461.0,380.0,13.220156
39,2528.0,392.0,1.258384
40,3423.0,534.0,0.885075
41,4007.0,637.0,1.952788
42,8453.0,1232.0,4.034958
43,2988.0,464.0,1.555309
44,2996.0,464.0,1.604313
45,7203.0,1103.0,3.018864
46,7207.0,1103.0,2.834771
47,9802.0,1602.0,3.948012
48,9951.0,1622.0,3.999506
49,12508.0,1874.0,4.988178
50,15248.0,2181.0,6.253747
51,23120.0,2956.0,9.289377
52,37460.0,4778.0,15.265513
53,13813.0,1844.0,5.76637
54,26901.0,3555.0,11.116125
55,27615.0,3591.0,11.640053
56,114469.0,14759.0,49.021179
57,28339.0,3663.0,12.094244
58,17256.0,2353.0,7.33544
59,4993.0,623.0,2.090537
60,53705.0,7320.0,22.34156
61,55969.0,7444.0,23.450617
62,55982.0,7444.0,24.748205
63,59846.0,7580.0,27.191472
64,62754.0,7905.0,26.677182
65,18383.0,2472.0,7.77908
66,26286.0,3569.0,12.004086
67,7206.0,925.0,3.143064
68,8473.0,1100.0,3.824264
69,6081.0,731.0,2.53195
