input,basicOps,recursionCount,time
0,0.0,82.0,0.04638800000000003
1,3.0,82.0,0.07153309999999995
2,8.0,82.0,0.061564600000000004
3,15.0,82.0,0.0755564
4,17.0,82.0,0.06790360000000001
5,21.0,82.0,0.07964149999999993
6,27.0,82.0,0.07646149999999997
7,36.0,82.0,0.0923803
8,44.0,82.0,0.08425349999999995
9,54.0,82.0,0.09799700000000006
10,56.0,82.0,0.09234169999999994
11,60.0,82.0,0.10265920000000002
12,78.0,85.0,0.11082219999999993
13,88.0,85.0,0.12530700000000006
14,91.0,85.0,0.12147509999999982
15,96.0,85.0,0.13226559999999998
16,103.0,85.0,0.13065299999999982
17,112.0,85.0,0.1479835999999998
18,120.0,85.0,0.1451648000000001
19,130.0,85.0,0.16387900000000002
20,133.0,85.0,0.16016200000000017
21,138.0,85.0,0.17105369999999967
22,145.0,85.0,0.17166040000000002
23,147.0,85.0,0.18621959999999985
24,151.0,85.0,0.1789372999999998
25,157.0,85.0,0.18955160000000001
26,163.0,85.0,0.18786159999999957
27,170.0,85.0,0.1982592000000002
28,174.0,85.0,0.19300479999999998
29,179.0,85.0,0.20740950000000014
30,181.0,85.0,0.19954900000000003
31,184.0,85.0,0.20862769999999992
32,192.0,85.0,0.2046733999999999
33,212.0,86.0,0.22059119999999988
34,221.0,86.0,0.22409314999999996
35,223.0,86.0,0.22350510000000015
36,241.0,88.0,0.23423910000000014
37,250.0,88.0,0.24790150000000005
38,256.0,88.0,0.2400867
39,263.0,88.0,0.25431779999999965
40,267.0,88.0,0.2511053999999999
41,277.0,88.0,0.2529692999999999
42,286.0,88.0,0.26865519999999954
43,292.0,88.0,0.26733910000000044
44,299.0,88.0,0.2802965000000004
45,303.0,88.0,0.2739902999999998
46,308.0,88.0,0.28900969999999965
47,310.0,88.0,0.2816536999999998
48,313.0,88.0,0.2936010999999997
49,320.0,88.0,0.28649809999999964
50,326.0,88.0,0.2994637999999999
51,331.0,88.0,0.29505919999999997
52,335.0,88.0,0.3019881999999996
53,338.0,88.0,0.2964613999999999
54,340.0,88.0,0.3075266999999996
55,350.0,88.0,0.3061447999999999
56,359.0,88.0,0.3124993999999997
57,367.0,88.0,0.3066041999999999
58,371.0,88.0,0.3204533
59,374.0,88.0,0.31244409999999984
60,376.0,88.0,0.31789649999999975
61,383.0,88.0,0.3287329999999998
62,389.0,88.0,0.32034170000000056
63,394.0,88.0,0.32816939999999994
64,404.0,88.0,0.32937069999999996
65,413.0,88.0,0.34725120000000015
66,421.0,88.0,0.34335199999999994
67,428.0,88.0,0.35842259999999954
68,434.0,88.0,0.35364640000000025
69,439.0,88.0,0.3676973999999999
70,443.0,88.0,0.36064120000000005
71,446.0,88.0,0.3776223999999995
