input,basicOps,recursionCount,time
0,0.0,17.0,0.03558409999999999
1,3.515,17.0,0.047943999999999994
2,7.008,17.0,0.045549700000000005
3,10.585,17.011,0.09524650000000001
4,14.17,17.034,0.0436925
5,17.945,17.102,0.04873379999999998
6,21.815,17.209,0.04559380000000005
7,26.025,17.423,0.057975499999999965
8,30.759,17.751,0.04870839999999999
9,36.238,18.265,0.05838850000000004
10,42.958,19.01,0.05327820000000008
11,50.366,19.9,0.07059390000000003
12,57.615,20.664,0.0576398
13,60.135,20.236,0.06611630000000006
14,58.304,18.99,0.05741809999999998
