input,basicOps,recursionCount,time
0,0.0,257.0,0.149196
1,9.11,257.0,0.16323000000000004
2,18.35,257.0,0.16497699999999996
3,26.89,257.0,0.16640299999999994
4,36.38,257.0,0.18049900000000002
5,45.79,257.0,0.17527199999999998
6,55.18,257.0,0.16219
7,64.31,257.0,0.15277400000000005
8,72.35,257.0,0.159818
9,82.45,257.0,0.159034
10,91.98,257.0,0.16246900000000003
11,101.34,257.0,0.16683499999999998
12,111.36,257.0,0.17639799999999997
13,121.35,257.02,0.17754900000000007
14,130.57,257.02,0.18145300000000006
15,140.38,257.02,0.19182300000000002
16,149.06,257.02,0.20015499999999992
17,160.43,257.9,0.19861400000000007
18,169.64,257.9,0.20892400000000003
19,178.54,257.9,0.21332099999999993
20,187.96,258.23,0.22281099999999995
21,198.04,258.35,0.2291290000000001
22,207.15,258.37,0.23430599999999996
23,216.81,258.43,0.24021600000000012
24,226.21,258.43,0.2475230000000002
25,236.29,258.56,0.256497
26,245.37,258.58,0.2653119999999998
27,255.48,258.66,0.27057
28,264.27,258.66,0.2825200000000001
29,274.62,258.66,0.28926699999999994
30,284.84,258.71,0.2938060000000001
31,295.3,258.9,0.3101389999999999
32,305.55,259.07,0.31802600000000014
33,316.55,259.4,0.3559959999999998
34,326.46,259.55,0.33455899999999994
35,337.43,259.8,0.34227500000000005
36,350.61,260.92,0.35260899999999995
37,362.31,261.74,0.37559
38,373.43,261.94,0.3817070000000002
39,393.09,265.39,0.38303599999999993
40,408.07,266.55,0.405547
41,421.54,266.99,0.405564
42,437.2,267.87,0.4183949999999998
43,454.13,269.66,0.42899499999999996
44,467.36,270.29,0.44190900000000005
45,478.78,270.48,0.45171500000000003
46,491.54,270.88,0.46471199999999996
47,515.22,274.11,0.5026100000000001
48,535.22,276.29,0.48983899999999997
49,548.98,276.71,0.5023570000000002
50,573.23,279.78,0.5160209999999998
51,593.68,282.03,0.5341110000000001
52,607.83,282.62,0.5458709999999999
53,623.94,283.74,0.5544200000000005
54,650.2,287.33,0.5851500000000001
55,673.74,290.16,0.5904520000000002
56,693.4,291.79,0.6076969999999998
57,713.84,293.13,0.6269010000000003
58,739.2,295.73,0.6503309999999999
59,781.47,301.6,0.6823010000000003
60,801.89,302.28,0.7032809999999999
61,834.0,305.75,0.7157569999999999
62,871.69,310.47,0.7396659999999997
63,923.01,315.52,0.7761920000000001
64,972.77,321.65,0.8122260000000001
65,1000.49,324.42,0.8300080000000001
66,1054.63,331.98,0.8711339999999997
67,1177.56,348.02,0.9574119999999996
68,1226.66,353.96,1.0132230000000002
69,1267.69,358.0,1.036705
70,1366.03,371.68,1.1317229999999996
71,1436.37,380.0,1.134733
72,1474.85,383.82,1.2198669999999998
73,1540.63,390.97,1.252926
74,1600.09,397.18,1.2841150000000001
75,1671.41,405.65,1.3299709999999998
76,1740.76,415.12,1.411632
77,1802.33,421.39,1.4903590000000009
78,1969.06,442.16,1.6268789999999995
79,2072.86,455.44,1.6683030000000003
80,2243.31,477.74,1.7696889999999998
81,2394.56,495.58,1.8612100000000007
82,2671.29,530.94,2.009512
83,2882.36,559.69,2.1913320000000005
84,3056.96,582.69,2.2715130000000006
85,3519.57,649.06,2.6351
86,3953.05,703.23,2.8970779999999996
87,4118.64,719.18,3.092631000000001
88,4422.83,752.46,3.288442
89,4671.62,781.93,3.3899400000000015
90,5119.07,841.77,3.8885829999999983
91,6129.39,962.81,4.169416
92,6900.79,1049.83,4.755314
93,7549.82,1129.75,5.161548999999999
94,8145.43,1191.31,5.528854999999998
95,9246.51,1315.09,6.290613
96,9929.63,1393.91,6.699030000000002
97,11403.94,1575.39,7.592485000000002
98,12678.75,1737.68,8.602331000000001
99,14969.98,2015.65,9.897699999999999
100,17062.63,2264.19,11.266342000000002
101,19108.57,2462.94,12.823571000000001
102,28665.44,3598.96,18.469987
103,37091.36,4605.55,23.449870000000004
104,42127.57,5176.26,27.25471600000001
105,66641.45,8014.01,43.126888
106,85507.28,10138.76,54.427107
107,96092.84,11395.78,60.938371000000004
108,154313.67,17412.01,93.95856399999998
109,199328.49,22072.57,122.774993
110,313621.06,34686.5,188.93722300000002
111,439886.88,47369.15,270.68113100000005
112,753511.78,80241.82,471.34557300000006
113,933087.49,98833.19,589.468905
114,1128229.85,117684.79,739.773855
115,1250214.75,131398.22,824.181402
116,1620394.94,164020.28,1071.298685
117,1759141.85,180502.0,1178.874923
118,2080624.64,213828.75,1418.2893140000003
119,2302471.31,236049.4,1541.8786469999998
120,2570255.83,262162.66,1733.9028389999999
121,2954329.8,301016.15,2049.172381000001
122,3422867.18,352315.5,2349.8023149999995
123,4003770.94,405316.1,2753.802559999999
124,4697370.1,477256.09,3278.486065
125,5290284.83,536495.16,3723.185077
126,5854418.26,591735.97,4113.984084
127,6554933.54,658508.41,4651.453256000001
128,6905927.76,692178.26,5015.956048
129,7834874.36,787840.27,5667.469431
