input,basicOps,recursionCount,time
0,0.0,257.0,0.1633475999999998
1,9.642,257.0,0.19563660000000005
2,19.396,257.0,0.19930219999999982
3,29.244,257.0,0.2073985999999998
4,39.138,257.0,0.21562420000000004
5,48.474,257.0,0.21514859999999963
6,57.874,257.0,0.2069071999999999
7,67.556,257.0,0.2016476000000001
8,76.804,257.022,0.20023799999999997
9,86.09,257.024,0.199464
10,95.494,257.024,0.20178319999999994
11,104.74,257.044,0.20905399999999996
12,114.174,257.044,0.21479380000000003
13,124.178,257.078,0.2200579999999998
14,134.046,257.094,0.22637659999999993
15,143.564,257.208,0.2352074
16,153.21,257.224,0.24151560000000027
17,163.07,257.26,0.2471188
18,172.492,257.272,0.254036
19,182.422,257.436,0.263946
20,192.26,257.45,0.2701638000000001
21,201.768,257.532,0.2776282
22,211.974,257.946,0.28591579999999966
23,221.698,257.994,0.29649839999999983
24,231.604,258.116,0.30312720000000015
25,242.2,258.438,0.3134754000000001
26,251.794,258.638,0.32121819999999995
27,262.16,258.848,0.33300899999999983
28,272.128,258.928,0.3397949999999998
29,282.552,259.062,0.3498479999999997
30,293.244,259.262,0.3603155999999997
31,304.34,259.734,0.3777018000000002
32,316.146,260.17,0.3841283999999999
33,326.366,260.474,0.4100237999999995
34,337.224,260.652,0.4154557999999999
35,349.65,261.264,0.4193393999999998
36,361.158,261.78,0.42900279999999996
37,373.602,262.61,0.4379326000000001
38,385.464,263.128,0.4534869999999998
39,396.714,263.404,0.4624669999999997
40,408.954,263.852,0.47924179999999994
41,423.65,265.03,0.49989940000000027
42,436.708,265.596,0.5066711999999993
43,450.526,266.646,0.5230252000000001
44,464.434,267.406,0.5267006
45,481.52,269.414,0.5474417999999996
46,499.964,271.64,0.5691020000000003
47,516.918,273.456,0.5804851999999997
48,535.42,275.218,0.5945425999999988
49,550.672,276.202,0.6217846000000009
50,566.278,277.196,0.6301544000000001
51,585.97,279.01,0.6468873999999997
52,605.226,280.942,0.6664173999999996
53,624.376,282.586,0.6903793999999986
54,647.564,285.11,0.7071148000000004
55,668.944,287.402,0.7292484000000005
56,693.182,289.866,0.7501037999999998
57,714.306,291.592,0.7756038000000005
58,750.11,296.742,0.8236093999999999
59,781.148,300.6,0.8416521999999997
60,810.694,303.78,0.8662309999999999
61,834.544,305.624,0.8933757999999993
62,872.664,309.96,0.9448835999999994
63,910.658,314.62,0.9763395999999992
64,947.024,319.046,1.0271502000000008
65,987.032,323.604,1.0529519999999994
66,1022.138,327.238,1.0859751999999991
67,1066.55,332.678,1.1342610000000004
68,1106.726,336.984,1.1755980000000004
69,1164.134,344.348,1.223923599999999
70,1226.686,353.29,1.2855035999999993
71,1287.944,360.81,1.3282496000000004
72,1360.47,370.314,1.4240646000000006
73,1455.28,384.122,1.4743905999999993
74,1546.282,396.458,1.5586415999999998
75,1645.458,408.606,1.636271000000003
76,1736.982,418.418,1.7149024000000002
77,1867.94,434.1,1.8417856000000001
78,2026.484,452.952,1.9825038
79,2163.454,468.944,2.094493800000002
80,2267.872,481.122,2.141425400000003
81,2479.734,502.11,2.3160102000000005
82,2717.484,531.412,2.5388044000000005
83,2920.33,556.978,2.6732343999999997
84,3240.784,599.864,2.954158399999999
85,3605.636,647.636,3.189389199999999
86,3873.552,682.884,3.441720600000001
87,4263.59,728.416,3.819342999999998
88,4701.508,780.19,4.185251400000004
89,5190.212,833.992,4.5597256000000055
90,5647.91,888.836,4.928184600000002
91,6024.47,936.644,5.272754999999996
92,6814.844,1017.478,5.898184600000004
93,7404.556,1086.326,6.386272599999997
94,8186.224,1179.324,7.134157599999988
95,8994.838,1267.876,7.758590600000002
96,9993.042,1383.348,8.543376800000004
97,11616.48,1564.042,9.829221799999997
98,13633.366,1798.954,11.4966142
99,15885.57,2043.73,13.450727999999994
100,18470.294,2350.104,15.653366800000006
101,21450.104,2677.734,18.1178688
102,25430.372,3105.418,21.182299199999992
103,31858.784,3815.618,26.606378600000017
104,38654.224,4553.026,32.229894800000004
105,49495.178,5784.674,40.835634800000065
106,64144.384,7354.654,51.80965879999997
107,81670.564,9377.97,65.13137379999999
108,100730.454,11382.306,80.58148880000003
109,139471.66,15617.906,111.99880380000003
110,210652.942,22647.998,164.40507899999986
111,261781.89,27964.058,207.98521820000002
112,337101.368,36229.388,264.83469139999994
113,423493.8,45431.154,339.0791007999996
114,497950.91,52906.944,400.1233569999999
115,614968.256,64987.994,503.0772861999997
116,760212.546,79923.08,626.1317522
117,936705.312,97347.956,783.008517599999
118,1121723.334,115630.954,931.0063860000001
119,1332408.512,137477.886,1112.1025922
120,1713284.064,178621.576,1430.1569643999999
121,2057439.364,213618.706,1733.8745959999994
122,2480340.414,256598.176,2094.7726684000013
123,3067859.614,316540.684,2615.2100406
124,3681873.738,377020.622,3171.635818799999
125,4272771.71,434215.078,3701.9091826
126,4729257.686,477581.806,4124.025427800003
127,5390138.382,541975.844,4740.069599
128,6054912.292,607684.706,5324.044722999999
129,6720908.064,672152.932,5902.709665799999
