input,basicOps,recursionCount,time
0,0.0,17.0,0.04435499999999997
1,3.544,17.0,0.059294799999999946
2,7.0,17.0,0.05168919999999999
3,10.574,17.018,0.05960280000000006
4,14.294,17.074,0.05135760000000001
5,17.948,17.132,0.09038339999999997
6,21.99,17.268,0.052138
7,26.246,17.468,0.07436019999999999
8,31.04,17.8,0.05491860000000001
9,36.904,18.422,0.06611380000000001
10,42.664,18.928,0.07022579999999999
11,50.218,19.77,0.07847739999999996
12,55.462,20.064,0.06686799999999994
13,60.082,20.238,0.10177299999999995
14,61.976,19.81,0.06638519999999991
