input,basicOps,recursionCount,time
0,0.0,82.0,0.10391800000000001
1,6.19,82.0,0.11953699999999995
2,11.95,82.0,0.17129699999999992
3,17.59,82.0,0.12606900000000004
4,24.0,82.0,0.128974
5,30.34,82.02,0.12057799999999996
6,36.3,82.02,0.11899799999999999
7,42.1,82.05,0.13456700000000002
8,48.02,82.12,0.134009
9,54.21,82.12,0.11781600000000005
10,60.78,82.2,0.11923500000000001
11,66.52,82.26,0.12198700000000005
12,72.72,82.27,0.12866499999999997
13,80.11,82.56,0.13273
14,87.2,83.09,0.13907200000000003
15,93.7,83.13,0.14117600000000002
16,100.89,83.32,0.14864900000000003
17,107.34,83.42,0.15004900000000004
18,116.33,84.06,0.15796100000000013
19,123.84,84.25,0.16669899999999996
20,131.48,84.5,0.16505099999999992
21,140.5,85.19,0.17754700000000007
22,147.88,85.42,0.17552
23,156.67,85.93,0.18628799999999998
24,167.53,86.89,0.194098
25,181.3,88.68,0.19754600000000003
26,195.3,90.1,0.21165899999999993
27,208.15,91.67,0.22409
28,226.0,94.13,0.23121000000000014
29,239.55,95.71,0.23107599999999998
30,263.99,99.09,0.24682699999999985
31,304.97,104.77,0.28405
32,334.33,108.78,0.289644
33,362.04,112.38,0.31350000000000006
34,423.46,121.04,0.347907
35,485.67,130.22,0.38822199999999996
36,535.15,137.36,0.4105639999999999
37,652.75,155.07,0.4820179999999999
38,856.26,186.19,0.5925050000000001
39,1043.4,214.85,0.704984
40,1205.46,237.84,0.773407
41,1463.36,274.36,0.9350680000000005
42,1880.74,337.97,1.147591
43,2364.24,409.78,1.5113369999999995
44,3591.27,588.32,2.2499880000000005
45,5167.04,820.94,3.070095999999999
46,7246.7,1126.12,4.2642489999999995
47,10281.9,1538.63,6.434153999999999
48,16714.85,2437.67,10.083202000000002
49,22169.49,3200.35,13.144100000000007
50,29632.42,4153.28,17.678759999999997
51,30851.5,4388.5,19.840281
52,53501.53,7575.58,31.030908000000014
53,97303.97,13553.52,60.687283000000036
54,200601.13,28720.33,124.87614399999998
55,328520.99,46239.99,211.02881100000005
56,506806.22,68858.72,312.16862100000003
57,611670.84,83910.19,367.9831789999999
58,914928.33,124168.13,581.0100369999999
59,1154903.66,155629.64,724.8232030000004
60,1372329.67,179501.4,843.7778579999998
61,1116128.76,146873.4,692.4672589999998
62,1247618.94,158887.91,779.0240950000002
63,1473724.44,180171.96,900.72815
64,1062906.22,129306.05,637.1948519999996
65,557417.21,68239.97,345.5377829999998
66,560756.63,69358.38,301.3401370000002
67,788323.59,97244.07,389.5567930000001
68,689421.39,82523.0,309.21218299999987
69,396713.42,45875.37,243.09626700000007
