input,basicOps,recursionCount,time
0,0.0,257.0,0.16069689999999992
1,9.429,257.0,0.1881673
2,18.566,257.0,0.1925113999999998
3,28.181,257.0,0.2013511999999998
4,37.733,257.0,0.20759310000000009
5,47.102,257.0,0.20612600000000003
6,56.649,257.007,0.2015939999999999
7,66.096,257.007,0.19445660000000017
8,75.785,257.012,0.19518509999999994
9,85.076,257.015,0.19650280000000012
10,94.656,257.018,0.19881309999999988
11,103.991,257.027,0.20417830000000006
12,113.467,257.042,0.21163479999999993
13,123.077,257.072,0.21805949999999988
14,132.719,257.109,0.22281319999999974
15,142.385,257.202,0.2333031
16,152.343,257.342,0.23918970000000028
17,162.24,257.372,0.24557920000000003
18,172.245,257.452,0.25250549999999994
19,181.999,257.591,0.26179240000000015
20,191.835,257.649,0.26766769999999973
21,201.957,257.87,0.2756037000000004
22,212.066,258.069,0.2833553000000006
23,221.718,258.22,0.29257549999999977
24,231.517,258.295,0.3004493999999998
25,241.691,258.489,0.3088553999999997
26,251.769,258.559,0.31802
27,262.032,258.724,0.3283198000000001
28,273.084,259.343,0.3364894999999997
29,283.231,259.483,0.349854
30,293.772,259.636,0.35617170000000037
31,304.378,259.798,0.36862350000000005
32,315.226,260.014,0.3788976000000005
33,326.218,260.442,0.3905965999999999
34,337.607,260.801,0.40499089999999965
35,348.849,261.148,0.42436809999999975
36,359.855,261.355,0.4290431999999994
37,371.634,261.907,0.43682810000000055
38,384.122,262.568,0.4524992999999996
39,396.287,263.042,0.4629149999999994
40,407.906,263.383,0.4680495999999995
41,420.614,263.845,0.4845886999999995
42,435.174,264.904,0.4983466000000001
43,448.364,265.574,0.5154329999999998
44,462.45,266.529,0.5243974000000005
45,476.728,267.589,0.5428746000000001
46,494.118,269.293,0.5556210000000003
47,510.815,270.86,0.5659064
48,528.335,272.643,0.5920643999999996
49,544.383,273.926,0.5994176000000007
50,559.851,275.12,0.6149681000000006
51,576.084,276.18,0.6363198000000001
52,592.376,277.169,0.6541562
53,611.423,278.808,0.668328599999999
54,632.057,280.798,0.6830300000000007
55,653.272,282.962,0.707893199999999
56,674.731,285.031,0.7298373000000001
57,694.73,286.647,0.7519837000000007
58,721.324,289.94,0.7777198000000012
59,747.414,292.754,0.7955755000000014
60,771.117,295.013,0.8263719999999994
61,797.191,297.762,0.8557928000000008
62,832.802,302.464,0.8832085999999985
63,860.556,305.021,0.9118984000000001
64,901.318,310.45,0.949856900000001
65,930.497,313.256,0.9826740999999999
66,965.494,317.004,1.0138303000000004
67,996.807,319.887,1.0504864999999979
68,1035.285,323.891,1.0965149000000012
69,1084.133,330.255,1.1432945000000019
70,1135.765,336.892,1.182188699999999
71,1196.918,344.298,1.2392478000000005
72,1252.275,350.548,1.2954279999999994
73,1322.279,358.948,1.3443718999999996
74,1403.966,369.237,1.424901999999998
75,1486.727,379.665,1.4997489999999989
76,1602.204,395.72,1.5990898000000011
77,1706.722,409.285,1.7050091999999994
78,1910.444,431.909,1.8365387999999987
79,2027.73,445.689,1.933682100000002
80,2211.536,467.707,2.0923961999999974
81,2330.81,481.579,2.1847045000000023
82,2514.746,503.563,2.3107919000000012
83,2698.863,525.04,2.4792235
84,2917.136,551.953,2.712617499999996
85,3147.547,578.543,2.881778499999999
86,3437.877,614.436,3.096093899999996
87,3740.698,651.268,3.3227032000000025
88,4183.647,704.133,3.7068677000000054
89,4633.394,758.36,4.076252100000001
90,5373.58,842.006,4.6213501000000035
91,5960.03,910.736,5.049317799999992
92,6578.367,977.104,5.567430900000002
93,7245.997,1054.661,6.123084400000002
94,8532.007,1203.349,7.102711999999992
95,10157.625,1378.88,8.261536800000004
96,12411.524,1612.097,9.948453800000005
97,14554.182,1847.337,11.455265599999997
98,16934.306,2125.347,13.44695399999999
99,19246.6,2383.999,15.236660000000006
100,23314.106,2837.607,18.259443399999995
101,29278.711,3471.285,23.14050869999999
102,33782.499,3966.927,26.6571772
103,43895.582,5018.708,33.506235200000056
104,52997.263,5997.245,40.61056300000001
105,66772.708,7424.252,51.12222519999994
106,83880.647,9175.85,65.14177829999997
107,109618.654,11845.295,85.9211645999999
108,144929.612,15411.204,113.2859985000001
109,189798.727,19776.757,148.35651220000017
110,233567.632,24333.868,185.25654119999993
111,292180.266,30229.065,234.8283858999999
112,346299.76,35739.921,279.27884159999985
113,435488.378,44941.571,351.21998109999953
114,547419.322,56540.998,446.3531817000002
115,687743.43,70316.568,565.9855188999993
116,826934.38,84672.886,682.6852162999991
117,1029360.467,105258.813,851.9790149000004
118,1241258.098,127075.106,1035.6319260999999
119,1540398.896,157725.54,1295.8372514000002
120,1941401.152,198161.085,1626.7655199999992
121,2347360.609,238235.522,1967.7869407000005
122,2827099.18,286652.875,2385.5041715999996
123,3388369.784,342289.992,2864.1473450000003
124,3988267.205,400406.878,3390.806399200002
125,4632808.915,465884.231,3942.026478699999
126,5261396.629,526550.574,4485.680227800004
127,5943556.038,593740.211,5088.090263500008
128,6501777.653,645082.458,5575.353886900002
129,7113457.06,702280.734,6123.272282300003
