input,basicOps,recursionCount,time
0,0.0,82.0,0.1202014
1,6.116,82.0,0.13347480000000014
2,11.996,82.0,0.13768440000000004
3,18.084,82.0,0.13670019999999983
4,24.206,82.0,0.1320569999999999
5,30.214,82.002,0.12245780000000009
6,36.428,82.026,0.1122609999999999
7,42.518,82.07,0.10088079999999998
8,48.658,82.132,0.10076759999999994
9,55.04,82.208,0.0982094
10,61.018,82.254,0.10102379999999993
11,67.312,82.326,0.10097960000000004
12,73.79,82.408,0.10433100000000006
13,80.296,82.644,0.11047799999999999
14,86.974,82.856,0.1111917999999999
15,93.954,83.206,0.1127278
16,101.762,83.716,0.11844140000000006
17,109.224,84.102,0.11973459999999993
18,116.978,84.494,0.12628839999999994
19,124.692,84.74,0.12945660000000014
20,132.484,85.066,0.13573640000000003
21,142.28,86.04,0.1383416000000001
22,152.372,86.896,0.14620920000000007
23,163.432,87.928,0.1498258
24,176.012,89.46,0.15883899999999998
25,188.248,90.69,0.16366779999999997
26,203.5,92.466,0.17254799999999984
27,218.736,94.314,0.180534
28,238.05,96.788,0.19186860000000008
29,261.11,100.02,0.20126119999999986
30,290.308,104.298,0.21785559999999982
31,316.64,108.104,0.22941940000000013
32,358.39,114.28,0.25129519999999994
33,394.268,119.76,0.2694769999999999
34,445.57,127.526,0.2934124000000001
35,510.984,137.56,0.32857840000000016
36,579.862,147.8,0.3591411999999999
37,673.734,162.114,0.40638020000000014
38,876.464,190.816,0.5053999999999997
39,1031.9,213.134,0.5759461999999995
40,1253.122,247.282,0.6839364000000004
41,1544.64,289.12,0.8226020000000005
42,1959.02,353.012,1.0317153999999993
43,2457.178,425.948,1.257858
44,3486.68,570.376,1.7800716000000008
45,4554.12,726.276,2.3304480000000005
46,6581.88,1008.468,3.323134799999998
47,10591.42,1546.322,5.357750599999998
48,14519.662,2085.74,7.355033200000001
49,20194.828,2801.994,10.205038799999993
50,34076.756,4606.672,17.059603600000006
51,49511.026,6743.5,25.16849740000001
52,76913.664,10454.692,39.74699060000004
53,118021.044,15731.236,60.72695279999999
54,234807.016,30590.538,120.24922619999984
55,319855.168,40772.43,159.79851000000022
56,448935.404,57615.502,230.3410446000003
57,679998.622,87361.9,350.0741488000003
58,807793.38,101791.722,421.5995859999999
59,1014471.398,129713.922,540.9808738000005
60,1223934.168,158322.738,648.2324076000003
61,1291885.726,165619.966,682.8365200000001
62,1293224.546,163851.046,683.8675740000002
63,1263531.118,155968.65,672.5873174
64,1419036.794,177525.824,761.9279213999997
65,1178713.18,148258.808,634.935851
66,932758.498,112066.246,522.4897273999998
67,659657.368,76968.958,362.9818514000002
68,715240.538,81585.004,378.97610000000014
69,542667.156,60461.366,291.7166889999999
